V1
9
31
31
47
49
60
65
64
75
77
96
93
103
108
111
118
137
132
114
129
159
165
158
163
165
169
175
180
188
194
201
204
211
224
211
217
230
242
259
231
239
262
258
268
267
271
283
287
281
291
283
278
293
301
307
299
296
305
313
296
320
339
343
340
332
357
357
355
341
367
361
359
379
371
370
391
384
392
387
390
397
392
405
421
410
402
409
422
413
430
430
421
428
438
435
451
457
456
446
449
458
459
473
474
467
478
480
479
486
488
487
487
486
496
502
503
506
508
514
512
515
513
511
513
528
520
522
529
529
533
535
537
539
0
0
0
0
0
0
0
0
0
0
0
0
0
0
0
0
0
0
0
0
0
0
0
0
0
0
0
0
0
0
0
0
0
0
0
0
0
0
0
0
0
0
0
0
0
0
0
0
0
0
0
0
0
0
0
0
0
0
0
0
0
0
0
0
0
0
0
0
0
0
0
0
0
0
0
0
0
0
0
0
0
0
0
0
0
0
0
0
0
0
0
0
0
0
0
0
0
0
0
0
0
0
0
0
0
0
0
0
0
0
0
0
0
0
0
0
0
