V1
15
26
28
47
50
50
60
70
74
88
89
84
99
93
120
104
131
141
156
135
150
150
166
154
191
174
175
185
161
184
189
204
185
202
214
217
227
222
233
225
232
241
231
251
250
261
276
251
286
264
264
287
279
274
314
292
317
309
308
306
297
312
314
309
324
338
325
339
341
330
334
353
340
334
355
348
360
360
367
371
373
382
372
388
374
373
375
390
402
403
405
409
395
411
416
427
412
430
423
429
415
439
432
442
432
449
445
448
457
443
456
452
468
462
468
459
464
472
472
474
474
487
473
485
489
486
490
492
492
500
497
496
499
0
0
0
0
0
0
0
0
0
0
0
0
0
0
0
0
0
0
0
0
0
0
0
0
0
0
0
0
0
0
0
0
0
0
0
0
0
0
0
0
0
0
0
0
0
0
0
0
0
0
0
0
0
0
0
0
0
0
0
0
0
0
0
0
0
0
0
0
0
0
0
0
0
0
0
0
0
0
0
0
0
0
0
0
0
0
0
0
0
0
0
0
0
0
0
0
0
0
0
0
0
0
0
0
0
0
0
0
0
0
0
0
0
0
0
0
0
