V1
2271
3948
5392
6727
8188
9468
10757
11882
13148
14022
15235
16228
17255
18364
19442
20357
21392
22467
23352
23973
25293
26272
26822
28010
28804
29468
30256
31336
32324
32897
33998
34407
35166
36689
37567
38221
39216
39879
40615
41597
42305
43025
43592
44457
45163
45997
47092
47524
48286
49073
49744
50427
51295
51805
52636
53299
53933
54788
55407
56117
56680
57596
57964
58980
59313
60021
60945
61401
62121
62689
63334
64236
64842
65536
66028
66894
67491
68035
68582
69375
69794
70790
71394
71724
72516
73100
73629
74441
75061
75474
76302
76692
77190
77983
78678
79167
79809
80217
80835
81517
81761
82642
83214
83731
84443
84880
85588
86160
86685
87195
87806
88445
88658
89459
89905
90549
91029
91708
92127
92697
93352
93701
94246
94616
95179
95714
96170
96694
97058
97552
98031
98399
98743
0
0
0
0
0
0
0
0
0
0
0
0
0
0
0
0
0
0
0
0
0
0
0
0
0
0
0
0
0
0
0
0
0
0
0
0
0
0
0
0
0
0
0
0
0
0
0
0
0
0
0
0
0
0
0
0
0
0
0
0
0
0
0
0
0
0
0
0
0
0
0
0
0
0
0
0
0
0
0
0
0
0
0
0
0
0
0
0
0
0
0
0
0
0
0
0
0
0
0
0
0
0
0
0
0
0
0
0
0
