V1
166
201
231
238
262
278
303
302
307
321
318
336
344
366
351
375
357
382
390
394
404
404
401
422
420
427
426
454
470
449
451
474
461
491
480
491
498
500
529
510
510
513
527
524
547
545
554
528
548
568
579
580
585
577
601
590
601
594
583
595
602
611
621
603
604
630
632
622
620
642
643
627
651
667
657
659
664
652
671
665
661
688
659
679
671
702
691
708
700
722
714
705
720
703
725
734
725
737
745
736
745
749
765
739
749
751
770
767
759
771
773
775
776
780
782
791
781
787
800
798
795
798
801
804
812
810
806
816
815
815
821
822
823
0
0
0
0
0
0
0
0
0
0
0
0
0
0
0
0
0
0
0
0
0
0
0
0
0
0
0
0
0
0
0
0
0
0
0
0
0
0
0
0
0
0
0
0
0
0
0
0
0
0
0
0
0
0
0
0
0
0
0
0
0
0
0
0
0
0
0
0
0
0
0
0
0
0
0
0
0
0
0
0
0
0
0
0
0
0
0
0
0
0
0
0
0
0
0
0
0
0
0
0
0
0
0
0
0
0
0
0
0
