V1
2139
3346
4197
4824
5498
6035
6581
6897
7419
7804
7993
8221
8553
8784
9061
9312
9502
9701
9824
9954
10184
10333
10450
10539
10735
10857
10931
11060
11223
11346
11368
11499
11518
11712
11748
11856
11999
12089
12026
12217
12312
12328
12371
12501
12581
12561
12592
12686
12763
12803
12878
12898
12934
13075
13036
13091
13185
13177
13198
13276
13308
13281
13352
13421
13446
13547
13556
13549
13655
13637
13739
13686
13765
13741
13793
13855
13854
13883
13919
13957
13973
14026
14000
14042
14067
14089
14106
14166
14116
14208
14194
14214
14234
14318
14264
14300
14326
14364
14392
14425
14422
14400
14453
14478
14490
14490
14512
14518
14556
14569
14574
14599
14600
14616
14636
14634
14660
14697
14705
14697
14718
14731
14724
14778
14772
14776
14796
14796
14814
14820
14832
14838
14846
0
0
0
0
0
0
0
0
0
0
0
0
0
0
0
0
0
0
0
0
0
0
0
0
0
0
0
0
0
0
0
0
0
0
0
0
0
0
0
0
0
0
0
0
0
0
0
0
0
0
0
0
0
0
0
0
0
0
0
0
0
0
0
0
0
0
0
0
0
0
0
0
0
0
0
0
0
0
0
0
0
0
0
0
0
0
0
0
0
0
0
0
0
0
0
0
0
0
0
0
0
0
0
0
0
0
0
0
0
0
0
0
0
0
0
0
0
