V1
169
206
223
238
259
273
280
305
309
326
322
328
355
361
357
373
375
374
395
391
406
427
416
426
423
445
439
456
454
466
487
470
475
480
500
486
491
505
521
509
511
526
523
526
549
514
550
558
559
560
580
567
557
573
598
585
568
611
601
593
626
626
596
613
611
620
642
634
640
644
647
653
641
647
644
662
660
678
656
667
681
677
669
675
690
703
712
718
709
709
709
723
705
737
709
729
739
735
738
741
725
736
754
742
759
740
755
763
774
755
764
769
780
770
787
779
780
789
793
791
803
798
804
809
805
811
812
814
815
821
818
823
824
0
0
0
0
0
0
0
0
0
0
0
0
0
0
0
0
0
0
0
0
0
0
0
0
0
0
0
0
0
0
0
0
0
0
0
0
0
0
0
0
0
0
0
0
0
0
0
0
0
0
0
0
0
0
0
0
0
0
0
0
0
0
0
0
0
0
0
0
0
0
0
0
0
0
0
0
0
0
0
0
0
0
0
0
0
0
0
0
0
0
0
0
0
0
0
0
0
0
0
0
0
0
0
0
0
0
0
0
0
