V1
2159
3292
4126
4784
5555
6041
6518
6898
7317
7618
7987
8314
8537
8815
9066
9287
9448
9640
9883
9907
10152
10353
10430
10654
10728
10806
10943
10972
11170
11265
11402
11478
11521
11657
11772
11890
11967
12076
12110
12174
12247
12308
12428
12456
12495
12582
12609
12725
12733
12794
12925
12900
12939
13032
13073
13081
13130
13217
13268
13273
13311
13317
13399
13431
13484
13561
13482
13512
13621
13639
13709
13707
13714
13794
13802
13831
13846
13906
13936
13933
13940
13982
14009
14047
14086
14100
14117
14142
14166
14173
14204
14230
14257
14253
14301
14294
14337
14317
14363
14372
14419
14445
14445
14439
14471
14507
14505
14531
14532
14572
14581
14593
14612
14631
14634
14643
14673
14692
14702
14684
14705
14746
14748
14757
14771
14780
14793
14792
14816
14824
14830
14833
14846
0
0
0
0
0
0
0
0
0
0
0
0
0
0
0
0
0
0
0
0
0
0
0
0
0
0
0
0
0
0
0
0
0
0
0
0
0
0
0
0
0
0
0
0
0
0
0
0
0
0
0
0
0
0
0
0
0
0
0
0
0
0
0
0
0
0
0
0
0
0
0
0
0
0
0
0
0
0
0
0
0
0
0
0
0
0
0
0
0
0
0
0
0
0
0
0
0
0
0
0
0
0
0
0
0
0
0
0
0
0
0
0
0
0
0
0
0
