V1
16
24
23
25
56
45
53
74
80
68
78
84
111
120
116
127
117
127
129
136
125
147
158
154
170
175
169
189
205
184
199
183
217
201
202
208
228
239
229
233
234
229
249
250
244
245
249
264
258
274
291
268
268
302
280
312
298
292
309
310
285
309
310
320
338
336
339
330
326
348
350
351
363
346
360
339
355
371
364
381
376
370
367
383
389
400
388
404
404
413
393
399
409
418
419
428
410
418
416
436
425
425
430
451
438
441
440
449
450
460
438
455
458
468
464
469
473
481
469
478
476
484
489
483
491
491
491
492
494
500
499
500
501
0
0
0
0
0
0
0
0
0
0
0
0
0
0
0
0
0
0
0
0
0
0
0
0
0
0
0
0
0
0
0
0
0
0
0
0
0
0
0
0
0
0
0
0
0
0
0
0
0
0
0
0
0
0
0
0
0
0
0
0
0
0
0
0
0
0
0
0
0
0
0
0
0
0
0
0
0
0
0
0
0
0
0
0
0
0
0
0
0
0
0
0
0
0
0
0
0
0
0
0
0
0
0
0
0
0
0
0
0
0
0
0
0
0
0
0
0
