V1
2508
4215
5755
7165
8540
9781
10887
12052
13506
14665
15481
16725
17775
18714
19967
20680
21693
22883
23585
23973
25664
26498
27136
28378
29090
30051
30829
31494
32315
33410
34099
34882
35241
37097
37653
38688
39248
40333
41291
41783
42309
43670
43985
45082
45859
46322
47255
47922
48641
49308
49872
50707
51538
52435
52990
53991
54366
54892
55861
56818
57060
57816
58202
59417
59989
60557
61182
61999
62727
63494
63738
64461
65103
66017
66641
66808
67910
68177
69174
69640
70368
70820
71555
72103
72696
73399
73816
74185
75142
75710
76398
77116
77739
78493
78593
79360
79841
80621
81041
81824
82217
82866
83705
84075
84649
85206
85784
86476
86831
87512
88127
88529
89343
89789
90378
90937
91384
91803
92467
93012
93553
94017
94509
95129
95568
96026
96522
97014
97441
97864
98380
98744
99098
0
0
0
0
0
0
0
0
0
0
0
0
0
0
0
0
0
0
0
0
0
0
0
0
0
0
0
0
0
0
0
0
0
0
0
0
0
0
0
0
0
0
0
0
0
0
0
0
0
0
0
0
0
0
0
0
0
0
0
0
0
0
0
0
0
0
0
0
0
0
0
0
0
0
0
0
0
0
0
0
0
0
0
0
0
0
0
0
0
0
0
0
0
0
0
0
0
0
0
0
0
0
0
0
0
0
0
0
0
