V1
165
205
230
245
258
261
293
296
300
317
343
343
335
369
362
357
375
382
377
390
411
406
426
423
431
430
444
433
458
454
458
457
460
486
501
494
497
487
526
508
538
542
516
524
526
544
535
553
555
539
554
557
557
592
570
589
593
591
596
594
608
611
600
614
622
621
621
621
646
637
631
656
657
654
667
651
651
671
659
682
681
683
676
687
710
709
708
682
700
717
703
718
713
721
724
709
719
727
739
737
746
752
749
759
740
762
761
759
766
770
764
781
785
787
778
785
784
789
797
792
798
801
802
802
803
808
815
816
821
813
821
822
824
0
0
0
0
0
0
0
0
0
0
0
0
0
0
0
0
0
0
0
0
0
0
0
0
0
0
0
0
0
0
0
0
0
0
0
0
0
0
0
0
0
0
0
0
0
0
0
0
0
0
0
0
0
0
0
0
0
0
0
0
0
0
0
0
0
0
0
0
0
0
0
0
0
0
0
0
0
0
0
0
0
0
0
0
0
0
0
0
0
0
0
0
0
0
0
0
0
0
0
0
0
0
0
0
0
0
0
0
0
0
0
0
0
0
0
0
0
