V1
1913
3083
3960
4677
5472
5910
6401
6846
7222
7641
7936
8161
8356
8764
8989
9137
9364
9599
9750
9909
10082
10236
10378
10565
10643
10798
10816
11032
11149
11272
11306
11408
11458
11699
11736
11861
11909
12013
11999
12151
12200
12249
12408
12445
12470
12576
12606
12707
12683
12782
12812
12900
12948
12997
13053
13072
13122
13199
13277
13255
13334
13377
13362
13430
13464
13451
13512
13543
13574
13629
13646
13747
13703
13750
13782
13831
13906
13883
13878
13887
13941
13967
14000
14010
14055
14079
14086
14106
14136
14149
14192
14207
14222
14266
14256
14318
14313
14340
14344
14407
14421
14401
14456
14430
14452
14469
14454
14529
14529
14518
14570
14579
14603
14606
14620
14662
14667
14660
14693
14706
14720
14755
14733
14729
14766
14769
14780
14794
14809
14817
14824
14828
14838
0
0
0
0
0
0
0
0
0
0
0
0
0
0
0
0
0
0
0
0
0
0
0
0
0
0
0
0
0
0
0
0
0
0
0
0
0
0
0
0
0
0
0
0
0
0
0
0
0
0
0
0
0
0
0
0
0
0
0
0
0
0
0
0
0
0
0
0
0
0
0
0
0
0
0
0
0
0
0
0
0
0
0
0
0
0
0
0
0
0
0
0
0
0
0
0
0
0
0
0
0
0
0
0
0
0
0
0
0
