V1
8
22
29
43
40
50
66
68
75
74
109
94
111
100
109
101
139
143
118
150
147
157
154
167
173
178
175
200
193
221
203
184
185
220
228
212
227
230
254
241
237
238
259
263
273
270
263
276
288
295
288
277
304
304
293
309
307
307
329
317
316
327
325
351
348
352
359
343
362
351
379
363
380
358
380
378
380
409
373
388
406
400
408
407
404
414
395
417
420
421
441
416
446
446
450
431
453
443
447
445
464
454
450
464
471
458
475
473
475
490
492
492
487
499
496
495
502
504
510
513
517
516
514
523
528
524
525
530
531
535
534
537
539
0
0
0
0
0
0
0
0
0
0
0
0
0
0
0
0
0
0
0
0
0
0
0
0
0
0
0
0
0
0
0
0
0
0
0
0
0
0
0
0
0
0
0
0
0
0
0
0
0
0
0
0
0
0
0
0
0
0
0
0
0
0
0
0
0
0
0
0
0
0
0
0
0
0
0
0
0
0
0
0
0
0
0
0
0
0
0
0
0
0
0
0
0
0
0
0
0
0
0
0
0
0
0
0
0
0
0
0
0
