V1
12
24
29
32
39
55
64
69
81
79
82
96
120
107
130
126
137
136
153
139
149
161
162
152
177
185
166
174
197
179
182
193
190
223
197
237
213
234
231
254
268
251
267
250
260
281
267
270
304
289
288
280
301
321
308
309
310
308
328
331
334
340
352
367
338
356
353
342
362
367
365
359
369
373
375
375
381
395
407
390
396
410
402
401
406
413
420
413
420
419
439
434
429
435
440
442
443
456
442
454
447
450
471
469
467
467
482
483
482
480
475
503
491
498
498
502
503
509
509
502
521
511
525
524
526
527
522
528
533
535
537
536
539
0
0
0
0
0
0
0
0
0
0
0
0
0
0
0
0
0
0
0
0
0
0
0
0
0
0
0
0
0
0
0
0
0
0
0
0
0
0
0
0
0
0
0
0
0
0
0
0
0
0
0
0
0
0
0
0
0
0
0
0
0
0
0
0
0
0
0
0
0
0
0
0
0
0
0
0
0
0
0
0
0
0
0
0
0
0
0
0
0
0
0
0
0
0
0
0
0
0
0
0
0
0
0
0
0
0
0
0
0
0
0
0
0
0
0
0
0
