V1
2648
4323
5712
7056
8434
9848
10980
12066
13505
14630
15385
16704
17557
18751
19834
20837
21777
22710
23621
24299
25559
26701
27376
28322
29183
30247
30684
31422
32359
33382
34229
34643
35489
36891
38088
38781
39341
40124
41148
41624
42611
43346
44349
44798
45674
46445
47146
48120
48616
49775
50015
50729
51592
52177
52926
53456
54422
55024
55857
56476
57389
57895
58633
59124
59975
60803
61104
62142
62557
63344
63855
64489
65011
65906
66451
67206
67659
68392
69299
69511
70222
70719
71444
72367
72569
73382
73855
74707
75260
75819
76508
77198
77710
78151
78783
79397
79933
80726
81162
81875
82344
82878
83601
84099
84781
85263
86004
86455
86816
87518
88021
88944
89097
89782
90199
90897
91360
91914
92335
92906
93487
94097
94543
95137
95529
96059
96408
97019
97493
97941
98305
98756
99091
0
0
0
0
0
0
0
0
0
0
0
0
0
0
0
0
0
0
0
0
0
0
0
0
0
0
0
0
0
0
0
0
0
0
0
0
0
0
0
0
0
0
0
0
0
0
0
0
0
0
0
0
0
0
0
0
0
0
0
0
0
0
0
0
0
0
0
0
0
0
0
0
0
0
0
0
0
0
0
0
0
0
0
0
0
0
0
0
0
0
0
0
0
0
0
0
0
0
0
0
0
0
0
0
0
0
0
0
0
0
0
0
0
0
0
0
0
