V1
8
24
29
31
44
50
60
65
67
86
88
98
99
113
94
100
134
131
133
131
154
145
149
161
154
161
174
172
182
198
188
198
196
184
218
194
223
205
220
238
242
224
254
243
270
240
261
272
270
267
290
281
300
288
290
305
297
283
313
294
301
307
312
324
324
327
310
327
352
357
347
342
342
356
362
365
365
349
378
380
373
365
383
390
378
389
386
405
401
407
408
409
404
406
398
396
420
427
433
425
428
424
440
425
442
449
438
456
450
452
462
454
466
460
457
468
473
464
473
480
480
483
489
481
490
488
492
496
494
497
499
500
502
0
0
0
0
0
0
0
0
0
0
0
0
0
0
0
0
0
0
0
0
0
0
0
0
0
0
0
0
0
0
0
0
0
0
0
0
0
0
0
0
0
0
0
0
0
0
0
0
0
0
0
0
0
0
0
0
0
0
0
0
0
0
0
0
0
0
0
0
0
0
0
0
0
0
0
0
0
0
0
0
0
0
0
0
0
0
0
0
0
0
0
0
0
0
0
0
0
0
0
0
0
0
0
0
0
0
0
0
0
