V1
162
178
212
225
234
245
256
271
285
289
308
305
307
326
331
334
344
352
366
358
385
371
375
376
367
393
391
402
402
431
421
429
429
449
443
450
455
450
472
464
462
478
464
493
483
490
490
484
488
504
518
518
533
524
529
529
548
545
551
540
553
556
538
549
555
562
556
565
574
580
575
580
586
588
594
597
585
603
604
601
608
595
624
608
612
628
602
627
641
639
625
634
635
663
634
646
650
652
652
663
667
663
658
674
674
679
686
671
679
683
676
697
700
694
695
697
696
707
710
712
713
710
713
720
723
717
725
729
727
731
733
732
734
0
0
0
0
0
0
0
0
0
0
0
0
0
0
0
0
0
0
0
0
0
0
0
0
0
0
0
0
0
0
0
0
0
0
0
0
0
0
0
0
0
0
0
0
0
0
0
0
0
0
0
0
0
0
0
0
0
0
0
0
0
0
0
0
0
0
0
0
0
0
0
0
0
0
0
0
0
0
0
0
0
0
0
0
0
0
0
0
0
0
0
0
0
0
0
0
0
0
0
0
0
0
0
0
0
0
0
0
0
