V1
158
206
206
220
248
256
259
271
285
294
313
308
327
326
319
345
334
356
359
363
373
371
387
370
390
392
420
420
421
402
429
449
442
435
448
444
451
435
450
466
464
475
490
481
489
494
512
489
484
493
516
518
520
512
529
526
525
544
547
531
529
571
564
552
556
573
566
573
560
588
578
569
593
611
606
588
581
601
608
609
608
614
617
601
616
614
621
635
618
637
646
634
636
653
655
638
670
658
653
664
668
671
672
668
674
679
674
694
686
671
677
687
702
695
697
703
701
706
705
712
700
710
711
711
722
724
722
723
730
732
731
734
734
0
0
0
0
0
0
0
0
0
0
0
0
0
0
0
0
0
0
0
0
0
0
0
0
0
0
0
0
0
0
0
0
0
0
0
0
0
0
0
0
0
0
0
0
0
0
0
0
0
0
0
0
0
0
0
0
0
0
0
0
0
0
0
0
0
0
0
0
0
0
0
0
0
0
0
0
0
0
0
0
0
0
0
0
0
0
0
0
0
0
0
0
0
0
0
0
0
0
0
0
0
0
0
0
0
0
0
0
0
0
0
0
0
0
0
0
0
