V1
2524
4241
5839
6982
8359
9580
11162
12038
13480
14397
15639
16579
17594
18805
19714
20730
21633
22758
23444
24529
25708
26328
27100
28234
29121
29798
30846
31528
32589
33372
34124
34820
35339
36954
37690
38720
39398
40156
40792
41828
42427
43290
44143
44903
45724
46466
47344
47727
48467
49410
50132
50719
51549
52445
53073
53855
54227
55154
55849
56497
57391
57704
58457
59219
60251
60799
60916
61815
62367
63405
63999
64339
65419
65896
66857
67028
67639
68519
69068
69630
70267
70777
71607
72303
72954
73342
73965
74592
75106
75877
76460
77121
77782
78181
78993
79549
79988
80709
81192
81633
82319
83152
83544
84130
84666
85029
85870
86487
86876
87396
88150
88634
89113
89975
90130
90854
91422
91801
92367
92961
93521
94146
94511
94952
95474
95982
96460
96996
97447
97974
98367
98749
99087
0
0
0
0
0
0
0
0
0
0
0
0
0
0
0
0
0
0
0
0
0
0
0
0
0
0
0
0
0
0
0
0
0
0
0
0
0
0
0
0
0
0
0
0
0
0
0
0
0
0
0
0
0
0
0
0
0
0
0
0
0
0
0
0
0
0
0
0
0
0
0
0
0
0
0
0
0
0
0
0
0
0
0
0
0
0
0
0
0
0
0
0
0
0
0
0
0
0
0
0
0
0
0
0
0
0
0
0
0
