V1
2133
3283
4126
4907
5451
6073
6507
6900
7357
7622
7992
8300
8576
8803
9054
9229
9485
9659
9847
9972
10202
10292
10441
10569
10723
10819
10934
11017
11201
11298
11363
11497
11503
11751
11745
11816
11937
12102
12043
12195
12223
12298
12389
12431
12550
12557
12658
12730
12821
12803
12860
12941
12966
12990
13020
13078
13160
13202
13232
13272
13335
13394
13378
13468
13412
13538
13527
13528
13599
13644
13687
13693
13725
13800
13767
13835
13884
13920
13890
13926
13969
14001
14024
14042
14079
14067
14070
14149
14173
14170
14245
14257
14287
14261
14326
14322
14313
14374
14353
14348
14384
14450
14414
14475
14463
14466
14493
14533
14538
14563
14550
14568
14622
14644
14608
14672
14678
14692
14701
14707
14721
14722
14756
14750
14776
14787
14795
14795
14817
14817
14838
14837
14846
0
0
0
0
0
0
0
0
0
0
0
0
0
0
0
0
0
0
0
0
0
0
0
0
0
0
0
0
0
0
0
0
0
0
0
0
0
0
0
0
0
0
0
0
0
0
0
0
0
0
0
0
0
0
0
0
0
0
0
0
0
0
0
0
0
0
0
0
0
0
0
0
0
0
0
0
0
0
0
0
0
0
0
0
0
0
0
0
0
0
0
0
0
0
0
0
0
0
0
0
0
0
0
0
0
0
0
0
0
