V1
2353
3806
5573
6615
8254
9408
10676
11975
13056
14149
15195
16264
17065
18474
19370
20751
21293
22534
23349
24209
25292
26055
26619
27967
28648
29693
30324
31066
32296
33031
33986
34512
35027
36610
37737
38170
38860
39873
40637
41678
42376
43061
43909
44588
45377
46130
46776
47366
48412
49169
49941
50537
51203
51831
52419
53567
53691
54725
55573
56162
56848
57471
58192
58727
59282
60030
60902
61538
62344
63128
63306
64428
64755
65339
65952
66875
67421
68010
68954
69396
69816
70726
70864
71918
72610
73045
73507
74173
74921
75839
76150
76568
77047
77820
78484
79206
79774
80281
80683
81364
81978
82479
83114
83953
84273
84580
85527
86211
86667
87137
87911
88468
88736
89436
89890
90545
91100
91518
92117
92650
93098
93705
94138
94720
95120
95619
96214
96724
97139
97592
98011
98374
98734
0
0
0
0
0
0
0
0
0
0
0
0
0
0
0
0
0
0
0
0
0
0
0
0
0
0
0
0
0
0
0
0
0
0
0
0
0
0
0
0
0
0
0
0
0
0
0
0
0
0
0
0
0
0
0
0
0
0
0
0
0
0
0
0
0
0
0
0
0
0
0
0
0
0
0
0
0
0
0
0
0
0
0
0
0
0
0
0
0
0
0
0
0
0
0
0
0
0
0
0
0
0
0
0
0
0
0
0
0
0
0
0
0
0
0
0
0
