V1
11
16
29
35
49
56
57
65
81
79
88
108
104
132
109
123
125
126
128
144
170
160
176
151
163
165
171
203
207
214
205
193
195
219
231
227
234
223
229
233
225
259
267
259
281
279
264
282
288
279
283
298
298
302
304
310
318
313
304
342
335
331
314
346
342
343
339
354
349
354
369
364
370
367
373
379
385
394
372
394
399
406
388
414
402
403
414
419
436
422
405
427
435
440
426
434
446
452
457
447
449
458
469
465
463
460
472
480
482
501
489
489
495
497
490
504
501
514
511
517
509
516
516
523
520
524
529
531
534
535
534
536
536
0
0
0
0
0
0
0
0
0
0
0
0
0
0
0
0
0
0
0
0
0
0
0
0
0
0
0
0
0
0
0
0
0
0
0
0
0
0
0
0
0
0
0
0
0
0
0
0
0
0
0
0
0
0
0
0
0
0
0
0
0
0
0
0
0
0
0
0
0
0
0
0
0
0
0
0
0
0
0
0
0
0
0
0
0
0
0
0
0
0
0
0
0
0
0
0
0
0
0
0
0
0
0
0
0
0
0
0
0
