V1
17
27
40
32
52
51
63
63
82
89
100
99
109
114
110
128
127
123
141
148
145
149
181
175
160
175
183
165
178
191
217
199
214
220
223
220
222
240
248
255
244
270
240
267
259
262
285
296
259
301
301
282
296
284
301
317
299
321
311
308
340
313
325
341
341
338
364
331
359
368
354
388
382
369
375
391
393
386
397
386
383
403
393
401
409
415
415
432
429
425
437
445
436
436
446
436
448
452
437
449
462
468
462
457
469
488
469
488
484
490
483
490
496
495
508
503
493
503
508
515
519
520
513
515
528
522
528
533
535
532
536
538
539
0
0
0
0
0
0
0
0
0
0
0
0
0
0
0
0
0
0
0
0
0
0
0
0
0
0
0
0
0
0
0
0
0
0
0
0
0
0
0
0
0
0
0
0
0
0
0
0
0
0
0
0
0
0
0
0
0
0
0
0
0
0
0
0
0
0
0
0
0
0
0
0
0
0
0
0
0
0
0
0
0
0
0
0
0
0
0
0
0
0
0
0
0
0
0
0
0
0
0
0
0
0
0
0
0
0
0
0
0
