V1
10
20
32
35
41
53
49
71
67
72
83
100
104
96
111
112
103
136
127
119
137
143
148
152
161
174
184
175
186
182
198
189
209
197
207
208
230
231
226
230
233
225
246
255
241
250
242
274
270
266
266
272
285
284
306
297
318
294
302
310
309
306
335
323
353
331
331
334
336
355
349
335
342
368
342
363
362
370
359
383
393
378
384
382
391
404
385
382
383
398
389
404
414
410
395
412
407
423
423
416
421
417
425
446
438
435
457
454
451
454
459
457
457
467
465
477
466
466
474
474
477
476
480
484
486
491
494
494
491
494
496
498
501
0
0
0
0
0
0
0
0
0
0
0
0
0
0
0
0
0
0
0
0
0
0
0
0
0
0
0
0
0
0
0
0
0
0
0
0
0
0
0
0
0
0
0
0
0
0
0
0
0
0
0
0
0
0
0
0
0
0
0
0
0
0
0
0
0
0
0
0
0
0
0
0
0
0
0
0
0
0
0
0
0
0
0
0
0
0
0
0
0
0
0
0
0
0
0
0
0
0
0
0
0
0
0
0
0
0
0
0
0
