V1
2539
4150
5774
6967
8425
9658
11160
12250
13478
14453
15513
16873
17462
18758
19661
20816
21671
22738
23679
24478
25644
26427
27432
28049
29188
29937
30591
31477
32451
33197
33828
34797
35236
37069
37545
38527
39379
39933
41050
41596
42384
43384
43998
44775
45709
46369
47234
47861
48633
49296
50105
50923
51476
52203
52967
53488
54406
55002
55978
56375
57346
57624
58198
59376
59832
60525
61222
61711
62305
63281
64149
64661
65012
65684
66319
67240
67806
68439
68907
69789
70093
70626
71711
72113
72656
73446
74225
74572
75093
75797
76318
76847
77455
78256
78786
79662
79916
80687
81190
81727
82536
83092
83463
84158
84663
85315
85869
86254
86996
87564
88174
88484
89228
89664
90131
90847
91314
91843
92341
93086
93405
94087
94526
95021
95516
96045
96553
96967
97506
97966
98359
98734
99067
0
0
0
0
0
0
0
0
0
0
0
0
0
0
0
0
0
0
0
0
0
0
0
0
0
0
0
0
0
0
0
0
0
0
0
0
0
0
0
0
0
0
0
0
0
0
0
0
0
0
0
0
0
0
0
0
0
0
0
0
0
0
0
0
0
0
0
0
0
0
0
0
0
0
0
0
0
0
0
0
0
0
0
0
0
0
0
0
0
0
0
0
0
0
0
0
0
0
0
0
0
0
0
0
0
0
0
0
0
0
0
0
0
0
0
0
0
