V1
18
24
32
43
44
55
61
67
77
84
100
95
95
115
128
128
127
111
142
146
144
147
152
154
169
178
167
179
196
185
187
198
192
211
214
229
227
241
236
251
248
248
275
257
257
281
272
303
285
268
310
299
277
303
306
291
317
306
321
331
315
314
319
339
338
333
331
350
359
347
372
346
376
378
381
380
379
406
383
387
392
385
390
416
410
400
420
430
414
423
416
431
442
445
457
446
446
450
439
450
459
455
465
474
470
464
467
475
484
482
497
488
507
493
501
503
496
499
516
511
508
510
518
521
527
521
523
526
532
534
536
539
538
0
0
0
0
0
0
0
0
0
0
0
0
0
0
0
0
0
0
0
0
0
0
0
0
0
0
0
0
0
0
0
0
0
0
0
0
0
0
0
0
0
0
0
0
0
0
0
0
0
0
0
0
0
0
0
0
0
0
0
0
0
0
0
0
0
0
0
0
0
0
0
0
0
0
0
0
0
0
0
0
0
0
0
0
0
0
0
0
0
0
0
0
0
0
0
0
0
0
0
0
0
0
0
0
0
0
0
0
0
0
0
0
0
0
0
0
0
