V1
170
188
223
230
238
251
262
277
291
291
302
304
309
332
336
344
347
359
361
347
368
381
369
373
382
384
405
400
413
431
422
416
435
446
446
454
444
467
451
441
493
482
480
477
494
486
507
501
503
503
524
517
509
509
522
533
536
533
532
528
552
550
549
548
546
556
574
553
564
582
569
594
588
585
578
594
577
592
605
594
588
616
611
612
599
619
639
622
629
626
632
631
647
636
638
637
647
674
658
663
667
678
662
678
684
664
669
689
682
689
681
696
696
706
694
703
715
704
713
712
716
709
715
721
723
720
724
729
729
727
733
732
733
0
0
0
0
0
0
0
0
0
0
0
0
0
0
0
0
0
0
0
0
0
0
0
0
0
0
0
0
0
0
0
0
0
0
0
0
0
0
0
0
0
0
0
0
0
0
0
0
0
0
0
0
0
0
0
0
0
0
0
0
0
0
0
0
0
0
0
0
0
0
0
0
0
0
0
0
0
0
0
0
0
0
0
0
0
0
0
0
0
0
0
0
0
0
0
0
0
0
0
0
0
0
0
0
0
0
0
0
0
0
0
0
0
0
0
0
0
