V1
1934
3117
3986
4655
5369
5909
6388
6823
7281
7566
7889
8201
8453
8619
9058
9122
9291
9516
9787
9849
10097
10263
10385
10543
10668
10794
10886
11034
11197
11210
11332
11480
11486
11659
11811
11830
11925
11977
12135
12095
12243
12288
12314
12414
12444
12480
12588
12715
12734
12789
12770
12829
12910
13011
13038
13029
13072
13202
13194
13290
13310
13397
13367
13370
13451
13496
13534
13552
13633
13626
13648
13652
13750
13777
13780
13808
13838
13876
13866
13922
13988
13974
14033
14008
14061
14112
14099
14120
14171
14155
14217
14195
14219
14261
14312
14316
14333
14303
14356
14394
14404
14410
14424
14453
14486
14500
14492
14522
14554
14553
14564
14603
14624
14639
14629
14628
14659
14691
14667
14700
14707
14740
14744
14767
14770
14781
14782
14798
14800
14820
14824
14833
14835
0
0
0
0
0
0
0
0
0
0
0
0
0
0
0
0
0
0
0
0
0
0
0
0
0
0
0
0
0
0
0
0
0
0
0
0
0
0
0
0
0
0
0
0
0
0
0
0
0
0
0
0
0
0
0
0
0
0
0
0
0
0
0
0
0
0
0
0
0
0
0
0
0
0
0
0
0
0
0
0
0
0
0
0
0
0
0
0
0
0
0
0
0
0
0
0
0
0
0
0
0
0
0
0
0
0
0
0
0
0
0
0
0
0
0
0
0
