V1
158
184
199
231
230
253
276
283
282
295
300
310
312
326
328
345
328
375
346
363
372
386
383
391
391
402
413
430
406
412
433
424
442
451
439
429
478
448
461
451
466
479
471
488
478
488
507
494
496
505
522
504
507
518
527
533
533
541
542
536
533
535
541
560
572
565
577
559
572
565
580
584
570
583
591
596
604
595
596
610
608
610
609
614
625
628
628
639
622
646
634
625
646
654
639
652
648
660
661
658
657
662
665
674
669
674
679
677
684
687
688
686
688
703
695
700
708
703
713
711
716
714
718
723
718
722
726
728
725
728
733
734
734
0
0
0
0
0
0
0
0
0
0
0
0
0
0
0
0
0
0
0
0
0
0
0
0
0
0
0
0
0
0
0
0
0
0
0
0
0
0
0
0
0
0
0
0
0
0
0
0
0
0
0
0
0
0
0
0
0
0
0
0
0
0
0
0
0
0
0
0
0
0
0
0
0
0
0
0
0
0
0
0
0
0
0
0
0
0
0
0
0
0
0
0
0
0
0
0
0
0
0
0
0
0
0
0
0
0
0
0
0
0
0
0
0
0
0
0
0
