V1
8
22
22
34
48
48
58
58
65
85
94
82
90
108
111
105
124
138
130
137
144
128
157
153
168
180
173
175
178
169
168
196
219
211
216
218
224
231
228
228
224
249
240
262
243
261
259
272
272
274
294
285
288
293
294
300
306
281
327
312
311
312
301
315
332
330
336
331
340
337
357
355
353
359
357
358
371
373
366
367
372
382
371
400
395
395
385
411
394
389
407
403
413
391
398
424
412
434
418
435
430
432
438
446
431
439
452
443
454
460
459
467
456
460
471
469
480
472
472
482
483
486
484
480
489
491
490
495
495
498
499
501
501
0
0
0
0
0
0
0
0
0
0
0
0
0
0
0
0
0
0
0
0
0
0
0
0
0
0
0
0
0
0
0
0
0
0
0
0
0
0
0
0
0
0
0
0
0
0
0
0
0
0
0
0
0
0
0
0
0
0
0
0
0
0
0
0
0
0
0
0
0
0
0
0
0
0
0
0
0
0
0
0
0
0
0
0
0
0
0
0
0
0
0
0
0
0
0
0
0
0
0
0
0
0
0
0
0
0
0
0
0
