V1
2588
4205
5785
6973
8528
9722
11148
12232
13498
14600
15509
16637
17440
18821
20010
20809
21691
22543
23750
24426
25448
26431
27323
28235
29212
29987
30756
31180
32453
33156
34168
34714
35399
37058
37807
38672
39249
40412
41016
41844
42885
43334
43870
44965
45707
46491
47022
47775
48720
49267
50027
50757
51419
51988
52827
53543
54483
55150
55731
56407
57099
57941
58556
59080
59709
60485
61239
61929
62407
63078
63817
64570
65148
65916
66627
66917
67561
68345
69016
69589
70320
71052
71486
72288
72631
73366
74002
74734
75325
75935
76504
77161
77685
78068
78942
79565
80219
80754
81124
81868
82410
82995
83688
84121
84737
85123
85708
86407
86889
87561
88054
88519
89157
89729
90343
90882
91428
92022
92553
93008
93590
94061
94526
94973
95625
95995
96521
96962
97479
97929
98297
98716
99069
0
0
0
0
0
0
0
0
0
0
0
0
0
0
0
0
0
0
0
0
0
0
0
0
0
0
0
0
0
0
0
0
0
0
0
0
0
0
0
0
0
0
0
0
0
0
0
0
0
0
0
0
0
0
0
0
0
0
0
0
0
0
0
0
0
0
0
0
0
0
0
0
0
0
0
0
0
0
0
0
0
0
0
0
0
0
0
0
0
0
0
0
0
0
0
0
0
0
0
0
0
0
0
0
0
0
0
0
0
0
0
0
0
0
0
0
0
