V1
169
200
218
249
265
281
281
305
297
319
342
339
348
355
350
361
364
400
373
397
391
412
417
426
428
452
435
466
460
442
472
453
473
472
499
482
503
501
526
498
525
533
518
555
545
541
562
543
559
572
551
552
592
572
588
579
626
592
612
603
605
596
592
627
626
624
628
625
636
651
653
654
648
656
632
675
644
656
673
676
676
684
685
702
686
710
694
671
705
702
710
724
715
729
718
733
736
741
741
743
746
748
748
753
769
753
760
770
772
772
770
774
773
770
776
783
792
778
795
797
796
799
803
802
807
811
807
814
813
816
819
824
824
0
0
0
0
0
0
0
0
0
0
0
0
0
0
0
0
0
0
0
0
0
0
0
0
0
0
0
0
0
0
0
0
0
0
0
0
0
0
0
0
0
0
0
0
0
0
0
0
0
0
0
0
0
0
0
0
0
0
0
0
0
0
0
0
0
0
0
0
0
0
0
0
0
0
0
0
0
0
0
0
0
0
0
0
0
0
0
0
0
0
0
0
0
0
0
0
0
0
0
0
0
0
0
0
0
0
0
0
0
0
0
0
0
0
0
0
0
