V1
165
187
207
228
248
251
258
262
296
295
285
315
325
331
334
332
365
353
357
367
366
369
393
405
398
399
414
409
420
412
415
428
438
426
439
445
456
468
451
453
459
486
476
492
495
501
487
500
493
506
516
495
521
502
532
535
538
545
551
552
538
553
567
564
568
568
548
579
561
565
579
573
569
574
587
599
601
584
613
615
596
609
603
635
626
623
625
612
627
629
637
634
639
650
638
651
658
658
654
658
652
663
667
673
669
670
682
692
683
685
681
692
683
691
695
700
700
707
711
703
712
725
718
722
727
724
725
724
726
729
730
732
734
0
0
0
0
0
0
0
0
0
0
0
0
0
0
0
0
0
0
0
0
0
0
0
0
0
0
0
0
0
0
0
0
0
0
0
0
0
0
0
0
0
0
0
0
0
0
0
0
0
0
0
0
0
0
0
0
0
0
0
0
0
0
0
0
0
0
0
0
0
0
0
0
0
0
0
0
0
0
0
0
0
0
0
0
0
0
0
0
0
0
0
0
0
0
0
0
0
0
0
0
0
0
0
0
0
0
0
0
0
