V1
14
21
25
34
29
49
47
60
61
85
94
84
92
110
121
112
130
134
134
133
126
149
155
168
166
169
174
167
187
174
196
187
187
215
199
198
213
224
239
228
229
236
249
254
275
279
255
245
269
264
291
281
273
282
280
287
296
315
297
296
314
323
338
329
318
349
323
331
340
355
337
326
351
343
342
348
373
368
366
375
365
377
379
368
403
386
406
372
400
409
406
416
424
406
415
417
414
417
429
436
415
440
434
453
442
438
450
449
447
453
464
450
457
454
468
467
467
478
477
482
483
490
479
487
488
489
490
490
496
498
497
502
502
0
0
0
0
0
0
0
0
0
0
0
0
0
0
0
0
0
0
0
0
0
0
0
0
0
0
0
0
0
0
0
0
0
0
0
0
0
0
0
0
0
0
0
0
0
0
0
0
0
0
0
0
0
0
0
0
0
0
0
0
0
0
0
0
0
0
0
0
0
0
0
0
0
0
0
0
0
0
0
0
0
0
0
0
0
0
0
0
0
0
0
0
0
0
0
0
0
0
0
0
0
0
0
0
0
0
0
0
0
0
0
0
0
0
0
0
0
