V1
2577
4293
5803
7066
8575
9742
11120
12241
13198
14566
15705
16582
17646
18886
19984
20888
21622
22538
23584
24244
25539
26298
27030
28123
29180
30139
30707
31568
32735
33396
34184
34898
35369
36799
37933
38759
39413
40325
41109
41889
42851
43307
44082
44815
45388
46560
47143
47732
48465
49160
49972
50992
51322
52140
52905
53835
54415
55020
55713
56438
57061
57971
58428
59058
59580
60498
61321
61571
62640
63066
63791
64327
65273
66081
66351
67032
67694
68279
68887
69920
70367
70803
71525
72221
72738
73123
74225
74932
75185
75721
76347
76955
77614
78325
78878
79517
79837
80699
81022
81602
82227
83094
83559
84259
84826
85074
85614
86348
86968
87410
88244
88496
89170
89752
90344
90951
91388
92075
92384
92935
93494
94065
94546
95051
95641
95995
96596
97072
97486
97884
98301
98724
99057
0
0
0
0
0
0
0
0
0
0
0
0
0
0
0
0
0
0
0
0
0
0
0
0
0
0
0
0
0
0
0
0
0
0
0
0
0
0
0
0
0
0
0
0
0
0
0
0
0
0
0
0
0
0
0
0
0
0
0
0
0
0
0
0
0
0
0
0
0
0
0
0
0
0
0
0
0
0
0
0
0
0
0
0
0
0
0
0
0
0
0
0
0
0
0
0
0
0
0
0
0
0
0
0
0
0
0
0
0
