V1
2120
3263
4178
4801
5504
6074
6430
6937
7346
7624
7992
8226
8514
8808
8975
9183
9424
9658
9858
9920
10148
10285
10336
10611
10729
10884
10886
11042
11218
11274
11367
11501
11572
11741
11818
11858
12002
12036
12097
12186
12260
12306
12379
12418
12532
12574
12609
12732
12724
12836
12885
12835
12932
12964
13051
13128
13183
13227
13295
13277
13275
13291
13413
13466
13460
13542
13453
13595
13619
13634
13640
13729
13760
13760
13788
13816
13822
13900
13890
13971
13992
13989
14036
14062
14039
14064
14145
14118
14120
14175
14211
14223
14233
14262
14276
14323
14326
14326
14371
14374
14412
14416
14428
14458
14490
14511
14512
14520
14581
14525
14577
14612
14623
14628
14626
14675
14659
14677
14714
14724
14721
14710
14744
14763
14779
14788
14774
14800
14821
14822
14830
14844
14846
0
0
0
0
0
0
0
0
0
0
0
0
0
0
0
0
0
0
0
0
0
0
0
0
0
0
0
0
0
0
0
0
0
0
0
0
0
0
0
0
0
0
0
0
0
0
0
0
0
0
0
0
0
0
0
0
0
0
0
0
0
0
0
0
0
0
0
0
0
0
0
0
0
0
0
0
0
0
0
0
0
0
0
0
0
0
0
0
0
0
0
0
0
0
0
0
0
0
0
0
0
0
0
0
0
0
0
0
0
0
0
0
0
0
0
0
0
