V1
2239
3968
5359
6780
8248
9623
10558
11840
12984
14247
15253
16398
17073
18559
19602
20573
21406
22134
23278
24088
25165
26259
26838
28116
28683
29579
30575
31251
32298
33229
33912
34360
34885
36988
37544
38445
39153
39998
40566
41692
42407
42818
43951
44410
45496
46158
46884
47607
48462
48921
49536
50492
51279
51991
52685
53101
54160
54736
55570
56144
56590
57664
58375
58854
59394
60192
60800
61365
62263
62904
63490
64167
64994
65608
66063
66568
67344
68579
68639
69316
70037
70498
71205
71755
72387
73030
73855
74435
74913
75388
76052
76609
77211
78240
78512
78915
79799
80249
80816
81441
81937
82657
83291
83736
84279
85102
85509
86023
86408
87030
87679
88286
88944
89395
89908
90488
90969
91543
92185
92578
93296
93615
94184
94775
95277
95751
96297
96716
97151
97605
98006
98384
98736
0
0
0
0
0
0
0
0
0
0
0
0
0
0
0
0
0
0
0
0
0
0
0
0
0
0
0
0
0
0
0
0
0
0
0
0
0
0
0
0
0
0
0
0
0
0
0
0
0
0
0
0
0
0
0
0
0
0
0
0
0
0
0
0
0
0
0
0
0
0
0
0
0
0
0
0
0
0
0
0
0
0
0
0
0
0
0
0
0
0
0
0
0
0
0
0
0
0
0
0
0
0
0
0
0
0
0
0
0
0
0
0
0
0
0
0
0
