V1
14
20
31
41
50
48
65
64
71
80
88
88
98
100
118
116
108
128
131
145
134
151
140
149
161
183
164
188
170
157
186
206
188
198
202
226
209
221
234
233
238
216
244
249
246
259
258
268
268
280
289
265
284
293
279
299
287
299
298
310
311
335
320
315
299
326
323
325
326
351
342
336
337
355
360
365
348
365
367
384
382
383
373
401
387
385
396
388
395
401
403
401
420
415
411
411
414
438
422
429
428
431
433
423
440
443
441
451
446
446
442
460
458
460
464
464
468
473
475
469
480
479
486
476
486
491
496
493
496
496
499
498
502
0
0
0
0
0
0
0
0
0
0
0
0
0
0
0
0
0
0
0
0
0
0
0
0
0
0
0
0
0
0
0
0
0
0
0
0
0
0
0
0
0
0
0
0
0
0
0
0
0
0
0
0
0
0
0
0
0
0
0
0
0
0
0
0
0
0
0
0
0
0
0
0
0
0
0
0
0
0
0
0
0
0
0
0
0
0
0
0
0
0
0
0
0
0
0
0
0
0
0
0
0
0
0
0
0
0
0
0
0
