V1
162
195
208
229
231
251
259
275
284
299
300
308
318
335
318
339
345
348
360
362
390
369
373
398
403
391
407
396
421
427
431
418
436
463
436
455
442
466
467
452
492
463
467
484
494
502
497
491
497
512
515
516
506
540
528
521
504
534
540
542
543
556
557
555
558
566
556
566
577
564
569
584
587
592
571
589
602
592
605
613
604
610
611
618
641
613
626
639
652
631
650
649
631
646
643
643
642
655
658
645
667
660
670
679
669
672
678
698
684
678
692
681
699
696
702
704
701
711
713
707
713
713
719
725
718
721
722
729
727
732
730
734
733
0
0
0
0
0
0
0
0
0
0
0
0
0
0
0
0
0
0
0
0
0
0
0
0
0
0
0
0
0
0
0
0
0
0
0
0
0
0
0
0
0
0
0
0
0
0
0
0
0
0
0
0
0
0
0
0
0
0
0
0
0
0
0
0
0
0
0
0
0
0
0
0
0
0
0
0
0
0
0
0
0
0
0
0
0
0
0
0
0
0
0
0
0
0
0
0
0
0
0
0
0
0
0
0
0
0
0
0
0
