V1
2277
3886
5328
6723
8181
9468
10713
11987
13128
14168
15331
16293
17250
18224
19419
20555
21214
22341
23230
24119
25377
26055
26685
28121
28628
29782
30480
30932
32250
32908
33512
34473
34858
36820
37427
38096
39241
40062
40729
41751
42186
43128
43827
44511
45396
46076
46712
47392
48006
49054
49597
50403
51189
51720
52643
53261
54126
54803
55591
56247
56935
57719
57955
58958
59449
60327
60772
61585
62412
62712
63623
64070
64781
65510
66021
66804
67275
67856
68484
69245
69947
70536
71238
71751
72437
72984
73472
74093
74839
75468
76175
76830
77343
77760
78405
79236
79510
80413
80865
81412
82153
82602
83134
83958
84208
84862
85530
85942
86641
87351
87832
88312
88883
89382
89906
90445
91069
91598
92157
92635
93152
93826
94173
94689
95204
95707
96232
96627
97112
97610
98013
98440
98723
0
0
0
0
0
0
0
0
0
0
0
0
0
0
0
0
0
0
0
0
0
0
0
0
0
0
0
0
0
0
0
0
0
0
0
0
0
0
0
0
0
0
0
0
0
0
0
0
0
0
0
0
0
0
0
0
0
0
0
0
0
0
0
0
0
0
0
0
0
0
0
0
0
0
0
0
0
0
0
0
0
0
0
0
0
0
0
0
0
0
0
0
0
0
0
0
0
0
0
0
0
0
0
0
0
0
0
0
0
