V1
174
201
214
242
249
264
281
293
310
308
331
333
351
367
378
357
365
385
380
409
394
409
411
443
446
441
442
444
457
464
453
482
480
470
491
496
470
494
510
521
503
533
547
521
524
547
550
546
545
550
581
574
571
591
582
593
588
583
585
574
600
599
617
623
621
625
622
647
635
636
638
641
654
662
663
651
658
655
658
658
667
673
685
682
695
691
703
693
697
713
710
716
729
721
732
724
728
718
725
745
736
751
743
747
750
760
765
766
759
761
773
768
778
773
787
782
797
795
791
791
798
798
808
810
810
812
813
812
820
820
822
820
824
0
0
0
0
0
0
0
0
0
0
0
0
0
0
0
0
0
0
0
0
0
0
0
0
0
0
0
0
0
0
0
0
0
0
0
0
0
0
0
0
0
0
0
0
0
0
0
0
0
0
0
0
0
0
0
0
0
0
0
0
0
0
0
0
0
0
0
0
0
0
0
0
0
0
0
0
0
0
0
0
0
0
0
0
0
0
0
0
0
0
0
0
0
0
0
0
0
0
0
0
0
0
0
0
0
0
0
0
0
0
0
0
0
0
0
0
0
