V1
1990
3036
4053
4680
5387
5930
6369
6929
7243
7688
7945
8184
8402
8701
8923
9170
9327
9619
9765
9856
10098
10279
10302
10550
10669
10803
10904
10891
11214
11136
11379
11389
11466
11681
11762
11852
11961
12044
12151
12161
12222
12286
12316
12467
12472
12538
12626
12649
12669
12786
12735
12913
12917
12949
13036
13068
13121
13097
13216
13242
13279
13329
13364
13443
13416
13477
13509
13588
13575
13624
13630
13738
13731
13728
13748
13811
13858
13848
13885
13950
13964
13995
13974
14021
13999
14066
14098
14099
14151
14177
14181
14192
14238
14284
14287
14302
14330
14344
14326
14383
14402
14395
14456
14463
14459
14482
14511
14520
14515
14554
14568
14566
14614
14607
14650
14621
14671
14689
14674
14676
14724
14709
14746
14754
14756
14775
14795
14793
14803
14817
14827
14829
14838
0
0
0
0
0
0
0
0
0
0
0
0
0
0
0
0
0
0
0
0
0
0
0
0
0
0
0
0
0
0
0
0
0
0
0
0
0
0
0
0
0
0
0
0
0
0
0
0
0
0
0
0
0
0
0
0
0
0
0
0
0
0
0
0
0
0
0
0
0
0
0
0
0
0
0
0
0
0
0
0
0
0
0
0
0
0
0
0
0
0
0
0
0
0
0
0
0
0
0
0
0
0
0
0
0
0
0
0
0
