V1
2127
3299
4140
4833
5514
6083
6555
6937
7417
7708
7994
8232
8578
8833
8999
9287
9508
9588
9789
9958
10155
10330
10451
10611
10772
10840
10918
11076
11218
11340
11352
11376
11522
11717
11834
11860
12018
12132
12190
12176
12271
12324
12428
12440
12529
12570
12627
12720
12731
12822
12916
12908
12932
13100
13036
13114
13167
13207
13234
13282
13275
13377
13402
13474
13505
13507
13549
13551
13606
13628
13631
13788
13717
13786
13796
13792
13868
13897
13883
13901
13972
13992
14027
14037
14070
14067
14148
14108
14168
14196
14179
14258
14243
14264
14321
14297
14372
14361
14370
14367
14370
14408
14430
14440
14490
14499
14489
14503
14558
14564
14577
14587
14603
14603
14633
14642
14655
14682
14688
14711
14719
14746
14740
14751
14766
14772
14788
14798
14818
14820
14828
14841
14846
0
0
0
0
0
0
0
0
0
0
0
0
0
0
0
0
0
0
0
0
0
0
0
0
0
0
0
0
0
0
0
0
0
0
0
0
0
0
0
0
0
0
0
0
0
0
0
0
0
0
0
0
0
0
0
0
0
0
0
0
0
0
0
0
0
0
0
0
0
0
0
0
0
0
0
0
0
0
0
0
0
0
0
0
0
0
0
0
0
0
0
0
0
0
0
0
0
0
0
0
0
0
0
0
0
0
0
0
0
