V1
12
21
30
45
35
60
57
62
66
83
77
90
86
104
104
110
114
129
117
136
145
145
170
168
155
183
181
189
173
163
194
210
186
223
214
228
214
229
244
240
246
238
240
250
244
256
252
265
288
259
262
275
280
287
294
296
284
311
308
304
320
331
334
302
314
316
315
332
338
345
353
342
346
351
363
364
371
369
364
377
366
360
365
396
385
402
378
405
401
401
410
404
403
407
412
423
423
415
422
434
429
437
437
438
439
443
447
443
451
441
465
447
445
467
471
466
469
483
475
474
477
481
480
483
490
492
489
496
495
499
498
500
502
0
0
0
0
0
0
0
0
0
0
0
0
0
0
0
0
0
0
0
0
0
0
0
0
0
0
0
0
0
0
0
0
0
0
0
0
0
0
0
0
0
0
0
0
0
0
0
0
0
0
0
0
0
0
0
0
0
0
0
0
0
0
0
0
0
0
0
0
0
0
0
0
0
0
0
0
0
0
0
0
0
0
0
0
0
0
0
0
0
0
0
0
0
0
0
0
0
0
0
0
0
0
0
0
0
0
0
0
0
0
0
0
0
0
0
0
0
