V1
155
195
212
216
240
253
274
281
273
296
286
314
313
322
330
345
365
343
339
367
370
376
396
401
399
408
397
417
404
425
433
425
423
430
436
445
447
459
458
477
448
467
470
498
474
501
495
508
505
513
505
520
522
523
524
515
527
542
548
544
534
552
567
568
548
571
555
580
580
565
571
598
579
589
581
585
581
605
605
591
600
607
615
612
629
624
613
613
633
638
630
629
641
642
658
649
652
653
658
663
668
656
665
665
672
679
675
685
685
684
683
687
686
695
694
703
703
699
703
714
714
718
714
726
718
720
727
719
726
725
732
733
733
0
0
0
0
0
0
0
0
0
0
0
0
0
0
0
0
0
0
0
0
0
0
0
0
0
0
0
0
0
0
0
0
0
0
0
0
0
0
0
0
0
0
0
0
0
0
0
0
0
0
0
0
0
0
0
0
0
0
0
0
0
0
0
0
0
0
0
0
0
0
0
0
0
0
0
0
0
0
0
0
0
0
0
0
0
0
0
0
0
0
0
0
0
0
0
0
0
0
0
0
0
0
0
0
0
0
0
0
0
