V1
11
22
29
37
43
53
65
82
87
94
94
98
91
103
105
117
130
127
132
131
147
144
172
193
174
188
182
173
177
187
191
188
204
217
230
211
234
251
242
217
253
258
257
263
273
261
262
258
280
304
304
275
290
309
301
302
301
316
312
331
328
329
331
345
350
345
337
367
381
359
365
375
371
368
384
382
405
393
403
388
392
396
388
395
408
422
415
414
415
427
432
413
434
434
442
444
434
449
478
466
462
459
462
472
471
467
474
483
486
483
486
487
499
492
495
507
501
505
510
520
511
517
519
522
529
519
526
530
532
529
534
537
537
0
0
0
0
0
0
0
0
0
0
0
0
0
0
0
0
0
0
0
0
0
0
0
0
0
0
0
0
0
0
0
0
0
0
0
0
0
0
0
0
0
0
0
0
0
0
0
0
0
0
0
0
0
0
0
0
0
0
0
0
0
0
0
0
0
0
0
0
0
0
0
0
0
0
0
0
0
0
0
0
0
0
0
0
0
0
0
0
0
0
0
0
0
0
0
0
0
0
0
0
0
0
0
0
0
0
0
0
0
0
0
0
0
0
0
0
0
