V1
2239
3831
5267
6764
8121
9301
10552
11757
12986
14113
15153
16043
17248
18447
19294
20331
21219
22493
23318
24219
25118
25869
26867
27975
28688
29566
30444
31070
32221
33083
34001
34153
34929
36611
37537
38280
39098
39624
40743
41399
42005
43061
43680
44381
45254
46014
46912
47752
48164
48792
49620
50478
51155
51905
52637
53320
53969
54619
55497
56212
56743
57478
58050
58674
59583
60073
61058
61623
62267
62787
63631
64345
65052
65474
66263
66509
67337
67746
68640
69367
69920
70606
71124
71788
72374
73041
73898
74522
74808
75340
76109
76733
77332
77943
78647
79161
79759
80290
80959
81310
81953
82672
83289
83669
84254
84777
85572
86212
86676
87119
87767
88194
88866
89543
89989
90491
91068
91592
92115
92566
93069
93732
94242
94784
95256
95667
96178
96548
97171
97567
98022
98410
98744
0
0
0
0
0
0
0
0
0
0
0
0
0
0
0
0
0
0
0
0
0
0
0
0
0
0
0
0
0
0
0
0
0
0
0
0
0
0
0
0
0
0
0
0
0
0
0
0
0
0
0
0
0
0
0
0
0
0
0
0
0
0
0
0
0
0
0
0
0
0
0
0
0
0
0
0
0
0
0
0
0
0
0
0
0
0
0
0
0
0
0
0
0
0
0
0
0
0
0
0
0
0
0
0
0
0
0
0
0
