V1
1927
3160
4046
4689
5423
5971
6328
6877
7176
7589
7863
8176
8447
8771
9006
9134
9338
9603
9773
9949
10070
10218
10357
10505
10718
10781
10949
10923
11245
11319
11354
11388
11548
11655
11749
11906
11921
12023
12106
12128
12148
12306
12342
12444
12568
12579
12658
12609
12704
12789
12883
12913
12916
13006
13058
13102
13091
13155
13238
13283
13318
13376
13328
13368
13459
13521
13505
13584
13542
13666
13644
13661
13733
13749
13783
13839
13841
13855
13883
13936
13951
14009
13974
14010
14099
14087
14060
14107
14149
14182
14188
14193
14218
14248
14312
14315
14289
14348
14394
14392
14394
14391
14451
14444
14458
14477
14493
14526
14522
14578
14571
14601
14607
14633
14616
14642
14666
14682
14691
14700
14709
14716
14720
14755
14766
14765
14781
14786
14802
14805
14820
14836
14835
0
0
0
0
0
0
0
0
0
0
0
0
0
0
0
0
0
0
0
0
0
0
0
0
0
0
0
0
0
0
0
0
0
0
0
0
0
0
0
0
0
0
0
0
0
0
0
0
0
0
0
0
0
0
0
0
0
0
0
0
0
0
0
0
0
0
0
0
0
0
0
0
0
0
0
0
0
0
0
0
0
0
0
0
0
0
0
0
0
0
0
0
0
0
0
0
0
0
0
0
0
0
0
0
0
0
0
0
0
