V1
163
185
211
232
243
251
259
273
273
276
295
282
313
347
352
342
330
348
353
369
354
373
391
397
402
387
400
404
410
437
415
426
440
442
454
456
457
446
472
465
468
464
472
465
484
506
503
506
509
497
510
523
499
526
508
525
527
535
544
529
542
550
549
557
558
564
566
576
581
574
588
596
589
598
597
586
589
598
610
605
618
600
605
615
634
623
638
654
624
642
632
639
649
633
653
641
657
653
665
655
671
652
663
667
684
681
677
695
679
678
691
684
691
687
695
701
704
701
709
707
716
715
714
717
724
723
726
726
727
728
727
733
734
0
0
0
0
0
0
0
0
0
0
0
0
0
0
0
0
0
0
0
0
0
0
0
0
0
0
0
0
0
0
0
0
0
0
0
0
0
0
0
0
0
0
0
0
0
0
0
0
0
0
0
0
0
0
0
0
0
0
0
0
0
0
0
0
0
0
0
0
0
0
0
0
0
0
0
0
0
0
0
0
0
0
0
0
0
0
0
0
0
0
0
0
0
0
0
0
0
0
0
0
0
0
0
0
0
0
0
0
0
0
0
0
0
0
0
0
0
