V1
167
207
228
249
271
276
280
276
302
312
337
336
350
340
362
387
387
388
386
396
408
411
424
429
413
423
439
440
460
453
474
450
465
470
487
503
512
494
518
509
527
532
519
541
535
529
533
539
553
556
569
561
561
582
576
594
575
590
590
605
614
631
621
605
604
639
617
637
652
654
639
634
643
672
646
672
671
683
681
681
681
681
681
698
671
703
694
694
708
716
709
705
730
719
718
725
733
726
746
755
730
728
756
746
756
756
749
765
770
778
776
768
775
772
791
788
782
777
782
803
800
802
804
809
811
813
812
813
817
817
819
823
824
0
0
0
0
0
0
0
0
0
0
0
0
0
0
0
0
0
0
0
0
0
0
0
0
0
0
0
0
0
0
0
0
0
0
0
0
0
0
0
0
0
0
0
0
0
0
0
0
0
0
0
0
0
0
0
0
0
0
0
0
0
0
0
0
0
0
0
0
0
0
0
0
0
0
0
0
0
0
0
0
0
0
0
0
0
0
0
0
0
0
0
0
0
0
0
0
0
0
0
0
0
0
0
0
0
0
0
0
0
0
0
0
0
0
0
0
0
