V1
174
195
218
241
262
283
285
291
313
322
321
329
341
355
351
357
378
384
375
397
405
411
437
427
426
449
441
439
441
451
462
471
451
470
494
475
495
533
521
512
524
538
537
520
524
538
514
546
561
555
557
560
563
563
586
584
592
578
593
603
608
611
626
622
625
628
625
644
647
646
619
646
623
655
660
668
657
668
671
680
682
678
692
674
696
705
702
692
694
722
720
712
721
714
717
729
718
716
736
736
724
750
751
756
756
761
764
768
764
773
770
768
779
780
781
784
788
794
793
794
801
801
799
805
812
808
812
814
822
817
822
824
823
0
0
0
0
0
0
0
0
0
0
0
0
0
0
0
0
0
0
0
0
0
0
0
0
0
0
0
0
0
0
0
0
0
0
0
0
0
0
0
0
0
0
0
0
0
0
0
0
0
0
0
0
0
0
0
0
0
0
0
0
0
0
0
0
0
0
0
0
0
0
0
0
0
0
0
0
0
0
0
0
0
0
0
0
0
0
0
0
0
0
0
0
0
0
0
0
0
0
0
0
0
0
0
0
0
0
0
0
0
0
0
0
0
0
0
0
0
