V1
160
198
204
222
232
258
263
275
287
292
309
307
313
321
329
341
345
336
347
358
377
367
383
389
389
390
406
405
416
408
433
406
420
436
451
443
434
451
456
459
470
471
470
486
491
491
505
501
516
509
509
517
509
511
539
541
519
542
525
556
536
551
552
555
544
558
565
557
568
569
582
569
583
578
585
572
597
590
604
589
612
604
611
624
609
607
625
625
620
645
644
648
641
638
637
652
656
644
657
665
657
680
671
681
677
673
672
669
674
694
683
692
696
692
707
701
695
703
694
713
707
715
715
717
721
725
728
726
729
725
730
733
734
0
0
0
0
0
0
0
0
0
0
0
0
0
0
0
0
0
0
0
0
0
0
0
0
0
0
0
0
0
0
0
0
0
0
0
0
0
0
0
0
0
0
0
0
0
0
0
0
0
0
0
0
0
0
0
0
0
0
0
0
0
0
0
0
0
0
0
0
0
0
0
0
0
0
0
0
0
0
0
0
0
0
0
0
0
0
0
0
0
0
0
0
0
0
0
0
0
0
0
0
0
0
0
0
0
0
0
0
0
