V1
2187
3288
4125
4805
5563
6047
6595
6977
7312
7767
8032
8301
8454
8809
9021
9271
9461
9625
9783
9957
10142
10306
10376
10623
10650
10905
10931
11038
11182
11280
11398
11474
11511
11765
11760
11850
11957
12083
12133
12167
12329
12312
12387
12482
12504
12653
12592
12666
12747
12861
12807
12949
12956
12995
13048
13153
13137
13169
13242
13290
13344
13391
13388
13421
13496
13553
13577
13598
13595
13618
13631
13627
13771
13788
13776
13841
13885
13865
13903
13896
13978
14011
14034
14045
14081
14098
14133
14127
14115
14161
14174
14238
14257
14287
14258
14322
14278
14362
14391
14395
14431
14438
14415
14513
14465
14498
14499
14539
14522
14574
14597
14582
14621
14635
14624
14671
14663
14682
14696
14717
14707
14729
14744
14762
14754
14770
14791
14797
14811
14824
14830
14842
14846
0
0
0
0
0
0
0
0
0
0
0
0
0
0
0
0
0
0
0
0
0
0
0
0
0
0
0
0
0
0
0
0
0
0
0
0
0
0
0
0
0
0
0
0
0
0
0
0
0
0
0
0
0
0
0
0
0
0
0
0
0
0
0
0
0
0
0
0
0
0
0
0
0
0
0
0
0
0
0
0
0
0
0
0
0
0
0
0
0
0
0
0
0
0
0
0
0
0
0
0
0
0
0
0
0
0
0
0
0
