V1
178
208
230
236
272
270
280
293
307
323
335
332
342
360
367
374
398
390
396
388
405
413
404
420
437
443
426
451
461
469
449
438
473
496
459
502
490
495
509
513
514
525
520
542
549
534
542
548
556
566
563
567
581
568
600
600
597
599
603
615
614
602
618
632
634
637
626
635
625
627
621
633
643
647
658
675
665
665
673
679
659
670
677
684
674
678
699
705
710
718
708
719
710
711
724
742
735
732
744
740
739
733
741
741
745
746
750
772
771
759
764
765
782
777
770
784
788
783
795
805
798
803
808
805
810
814
807
813
818
815
818
823
821
0
0
0
0
0
0
0
0
0
0
0
0
0
0
0
0
0
0
0
0
0
0
0
0
0
0
0
0
0
0
0
0
0
0
0
0
0
0
0
0
0
0
0
0
0
0
0
0
0
0
0
0
0
0
0
0
0
0
0
0
0
0
0
0
0
0
0
0
0
0
0
0
0
0
0
0
0
0
0
0
0
0
0
0
0
0
0
0
0
0
0
0
0
0
0
0
0
0
0
0
0
0
0
0
0
0
0
0
0
0
0
0
0
0
0
0
0
