V1
2508
4232
5766
7021
8536
9856
11083
12245
13338
14428
15583
16541
17517
18839
19970
20766
21685
22886
23734
24326
25509
26434
27378
28213
29046
30035
31014
31510
32862
33248
34305
34739
35396
37101
37981
38684
39385
40026
41058
41804
42402
43106
43907
45142
45523
46243
47016
47893
48620
49370
50238
50938
51649
52227
52810
53794
54457
55151
55735
56452
57151
57814
58324
59254
59727
60531
61390
61791
62746
63413
63884
64253
65247
65594
66434
66934
67908
68200
68874
69824
70078
70741
71323
72202
72706
73388
74061
74617
75088
75734
76450
76843
77627
78268
78800
79420
80134
80752
81125
81743
82257
82989
83531
84063
84620
85311
85872
86392
87133
87650
88023
88641
89205
89618
90240
90769
91420
91847
92481
93107
93564
94050
94670
95096
95536
96061
96564
96903
97494
97944
98327
98749
99063
0
0
0
0
0
0
0
0
0
0
0
0
0
0
0
0
0
0
0
0
0
0
0
0
0
0
0
0
0
0
0
0
0
0
0
0
0
0
0
0
0
0
0
0
0
0
0
0
0
0
0
0
0
0
0
0
0
0
0
0
0
0
0
0
0
0
0
0
0
0
0
0
0
0
0
0
0
0
0
0
0
0
0
0
0
0
0
0
0
0
0
0
0
0
0
0
0
0
0
0
0
0
0
0
0
0
0
0
0
