V1
1885
3082
4020
4619
5399
5870
6389
6925
7245
7503
7902
8231
8479
8667
8962
9258
9297
9528
9834
9837
10065
10214
10354
10579
10593
10765
11005
11053
11187
11281
11349
11412
11446
11664
11780
11854
11954
12001
12095
12170
12281
12218
12328
12418
12473
12505
12587
12711
12716
12817
12842
12935
12915
13004
13022
13021
13127
13221
13218
13296
13399
13378
13426
13399
13426
13501
13500
13551
13642
13642
13661
13744
13708
13744
13782
13883
13851
13893
13911
13907
13941
14008
13991
14008
14056
14072
14122
14096
14148
14176
14179
14227
14267
14276
14272
14268
14321
14331
14323
14336
14385
14396
14454
14446
14487
14482
14513
14523
14536
14556
14578
14591
14602
14620
14618
14631
14641
14676
14676
14696
14728
14725
14743
14754
14748
14777
14774
14794
14795
14810
14822
14832
14836
0
0
0
0
0
0
0
0
0
0
0
0
0
0
0
0
0
0
0
0
0
0
0
0
0
0
0
0
0
0
0
0
0
0
0
0
0
0
0
0
0
0
0
0
0
0
0
0
0
0
0
0
0
0
0
0
0
0
0
0
0
0
0
0
0
0
0
0
0
0
0
0
0
0
0
0
0
0
0
0
0
0
0
0
0
0
0
0
0
0
0
0
0
0
0
0
0
0
0
0
0
0
0
0
0
0
0
0
0
