V1
13
25
24
38
29
48
48
65
76
80
92
93
89
105
114
107
113
121
136
151
149
146
148
161
150
175
160
190
180
169
185
192
195
207
212
224
252
232
237
226
237
248
252
248
268
272
252
271
265
269
289
284
276
277
297
317
279
293
302
305
306
324
325
317
313
321
322
347
327
344
333
351
358
355
358
354
372
361
357
371
377
393
376
385
380
394
390
408
391
406
396
417
395
423
416
419
423
432
414
425
425
429
433
433
443
445
450
441
455
454
470
464
452
467
463
469
476
477
466
479
470
476
482
485
489
485
487
489
495
499
500
500
500
0
0
0
0
0
0
0
0
0
0
0
0
0
0
0
0
0
0
0
0
0
0
0
0
0
0
0
0
0
0
0
0
0
0
0
0
0
0
0
0
0
0
0
0
0
0
0
0
0
0
0
0
0
0
0
0
0
0
0
0
0
0
0
0
0
0
0
0
0
0
0
0
0
0
0
0
0
0
0
0
0
0
0
0
0
0
0
0
0
0
0
0
0
0
0
0
0
0
0
0
0
0
0
0
0
0
0
0
0
