V1
2313
3956
5369
6795
8180
9370
10768
11950
12971
14145
15240
16326
17124
18509
19249
20545
21245
22245
23512
24116
25283
25833
27050
28194
28864
29699
30386
30792
32449
32993
33878
34150
35116
36626
37637
38446
39110
39925
40684
41395
42416
43234
43955
44252
45218
45760
46608
47556
48206
49049
49442
50800
51522
51885
52707
53071
53683
54651
55646
56351
56660
57519
58466
58888
59390
60149
60838
61634
62424
63001
63567
63886
64743
65634
66114
66916
67555
67846
68695
69261
70089
70752
71122
71758
72496
72911
73578
74085
74943
75409
75999
76687
77122
77827
78353
79208
79748
80157
80969
81363
82001
82649
83350
83796
84450
84961
85482
86109
86659
87148
87841
88111
88782
89236
89955
90516
91037
91523
92095
92747
93105
93609
94199
94613
95279
95683
96275
96620
97124
97516
97975
98439
98739
0
0
0
0
0
0
0
0
0
0
0
0
0
0
0
0
0
0
0
0
0
0
0
0
0
0
0
0
0
0
0
0
0
0
0
0
0
0
0
0
0
0
0
0
0
0
0
0
0
0
0
0
0
0
0
0
0
0
0
0
0
0
0
0
0
0
0
0
0
0
0
0
0
0
0
0
0
0
0
0
0
0
0
0
0
0
0
0
0
0
0
0
0
0
0
0
0
0
0
0
0
0
0
0
0
0
0
0
0
0
0
0
0
0
0
0
0
