V1
2168
3357
4189
4832
5532
6049
6572
7053
7377
7617
7977
8270
8514
8716
9101
9236
9480
9718
9776
9919
10162
10352
10460
10626
10665
10837
10908
11022
11203
11264
11372
11366
11527
11790
11819
12006
11931
11982
12084
12185
12264
12379
12428
12466
12509
12599
12652
12720
12710
12812
12916
12904
12982
13001
13074
13130
13152
13185
13247
13336
13343
13381
13377
13389
13459
13458
13515
13565
13583
13604
13720
13670
13753
13794
13798
13821
13863
13892
13929
13944
13946
13965
14038
14015
14068
14097
14094
14153
14140
14138
14212
14228
14221
14288
14299
14286
14358
14369
14369
14394
14412
14455
14446
14430
14491
14517
14510
14518
14548
14545
14589
14590
14608
14612
14660
14631
14656
14682
14701
14707
14703
14734
14741
14763
14759
14770
14787
14796
14804
14826
14830
14838
14847
0
0
0
0
0
0
0
0
0
0
0
0
0
0
0
0
0
0
0
0
0
0
0
0
0
0
0
0
0
0
0
0
0
0
0
0
0
0
0
0
0
0
0
0
0
0
0
0
0
0
0
0
0
0
0
0
0
0
0
0
0
0
0
0
0
0
0
0
0
0
0
0
0
0
0
0
0
0
0
0
0
0
0
0
0
0
0
0
0
0
0
0
0
0
0
0
0
0
0
0
0
0
0
0
0
0
0
0
0
