V1
2257
3949
5435
6745
8305
9365
10709
11830
13025
14123
15132
16316
17529
18548
19365
20474
21299
22275
23175
23731
25233
26110
26942
27780
28809
29462
30554
31208
32042
32974
33599
34471
35169
36894
37420
38254
39235
40174
40724
41487
42000
42731
43701
44618
45119
45936
46669
47590
48221
48875
49905
50196
51095
52061
52452
53439
54136
54677
55060
56111
56901
57789
58158
58992
59355
60325
60779
61609
62170
62709
63559
64209
64710
65422
65860
66952
67144
68484
68631
69258
69951
70601
71278
71761
72365
72862
73877
73982
74855
75205
75982
76546
76971
77981
78543
79091
79692
80188
81081
81406
82014
82576
83011
83840
84416
84963
85477
85968
86708
87184
87851
88382
88950
89500
89982
90557
91074
91506
92011
92565
93149
93653
94196
94689
95295
95715
96154
96711
97057
97587
98014
98422
98745
0
0
0
0
0
0
0
0
0
0
0
0
0
0
0
0
0
0
0
0
0
0
0
0
0
0
0
0
0
0
0
0
0
0
0
0
0
0
0
0
0
0
0
0
0
0
0
0
0
0
0
0
0
0
0
0
0
0
0
0
0
0
0
0
0
0
0
0
0
0
0
0
0
0
0
0
0
0
0
0
0
0
0
0
0
0
0
0
0
0
0
0
0
0
0
0
0
0
0
0
0
0
0
0
0
0
0
0
0
0
0
0
0
0
0
0
0
