V1
1943
3104
3942
4703
5415
5851
6435
6817
7202
7622
7860
8186
8446
8705
8933
9073
9299
9628
9727
9878
10098
10259
10334
10561
10763
10853
10923
11045
11190
11263
11349
11373
11465
11693
11709
11886
11886
12014
12092
12111
12199
12293
12296
12411
12532
12487
12574
12638
12751
12734
12837
12870
12898
13015
13017
13116
13144
13240
13253
13232
13265
13322
13383
13420
13425
13477
13557
13548
13601
13607
13671
13715
13678
13751
13839
13838
13860
13867
13941
13897
13942
13948
14034
14023
14070
14090
14098
14106
14122
14175
14214
14185
14193
14255
14269
14271
14326
14376
14363
14394
14415
14433
14431
14429
14473
14509
14528
14513
14557
14534
14579
14584
14622
14626
14638
14633
14646
14676
14695
14702
14723
14726
14736
14738
14758
14770
14786
14793
14802
14813
14817
14832
14837
0
0
0
0
0
0
0
0
0
0
0
0
0
0
0
0
0
0
0
0
0
0
0
0
0
0
0
0
0
0
0
0
0
0
0
0
0
0
0
0
0
0
0
0
0
0
0
0
0
0
0
0
0
0
0
0
0
0
0
0
0
0
0
0
0
0
0
0
0
0
0
0
0
0
0
0
0
0
0
0
0
0
0
0
0
0
0
0
0
0
0
0
0
0
0
0
0
0
0
0
0
0
0
0
0
0
0
0
0
0
0
0
0
0
0
0
0
