V1
2487
4277
5705
7004
8538
9855
10943
12189
13346
14420
15681
16608
17823
18997
19888
20887
21768
22762
23640
24123
25535
26777
27264
28238
29296
30103
30707
31518
32488
33416
34077
35032
35491
37303
37692
38777
39437
40171
40964
41573
42445
43334
43985
45037
45527
46299
47292
47857
48479
49524
50172
50742
51586
52251
52829
53700
54629
55042
55938
56300
57364
57920
58515
59112
59852
60461
61359
61945
62403
63111
63891
64591
65213
65982
66472
67006
67653
68335
68836
69483
70295
70876
71432
72149
72895
73365
74142
74632
75386
75907
76306
77190
77666
78431
78834
79245
79981
80659
81138
81868
82328
82981
83605
83878
84678
85122
85995
86300
87148
87469
88040
88614
89329
89872
90347
91005
91429
91894
92369
92988
93534
94136
94590
95129
95518
96055
96534
97054
97522
97920
98376
98775
99078
0
0
0
0
0
0
0
0
0
0
0
0
0
0
0
0
0
0
0
0
0
0
0
0
0
0
0
0
0
0
0
0
0
0
0
0
0
0
0
0
0
0
0
0
0
0
0
0
0
0
0
0
0
0
0
0
0
0
0
0
0
0
0
0
0
0
0
0
0
0
0
0
0
0
0
0
0
0
0
0
0
0
0
0
0
0
0
0
0
0
0
0
0
0
0
0
0
0
0
0
0
0
0
0
0
0
0
0
0
