V1
2133
3332
4136
4878
5491
6030
6573
6961
7370
7794
8005
8332
8574
8816
8995
9271
9407
9712
9841
9958
10141
10263
10516
10595
10807
10963
11064
10989
11203
11248
11452
11494
11494
11714
11779
11883
12026
11989
12043
12141
12298
12336
12397
12533
12535
12639
12675
12747
12833
12841
12823
12921
12961
12996
13040
13073
13196
13170
13223
13197
13284
13384
13403
13403
13461
13504
13532
13585
13613
13632
13683
13699
13761
13777
13818
13849
13838
13866
13891
13969
13977
13999
13977
14077
14056
14107
14069
14139
14193
14160
14190
14241
14246
14257
14295
14310
14294
14380
14329
14412
14409
14453
14442
14466
14478
14469
14529
14527
14542
14581
14581
14586
14610
14628
14632
14659
14680
14677
14678
14691
14727
14736
14731
14758
14769
14779
14798
14808
14813
14814
14832
14839
14845
0
0
0
0
0
0
0
0
0
0
0
0
0
0
0
0
0
0
0
0
0
0
0
0
0
0
0
0
0
0
0
0
0
0
0
0
0
0
0
0
0
0
0
0
0
0
0
0
0
0
0
0
0
0
0
0
0
0
0
0
0
0
0
0
0
0
0
0
0
0
0
0
0
0
0
0
0
0
0
0
0
0
0
0
0
0
0
0
0
0
0
0
0
0
0
0
0
0
0
0
0
0
0
0
0
0
0
0
0
0
0
0
0
0
0
0
0
