V1
1918
3096
3951
4729
5345
5880
6464
6908
7246
7625
8018
8229
8364
8728
8990
9206
9274
9624
9678
9900
10043
10278
10412
10505
10615
10806
10795
11038
11117
11286
11325
11380
11481
11651
11778
11876
11967
12033
12103
12207
12338
12358
12368
12448
12515
12587
12597
12668
12699
12815
12874
12867
12987
13008
13022
13137
13115
13173
13175
13239
13287
13319
13365
13430
13462
13522
13554
13548
13565
13596
13621
13703
13720
13770
13800
13828
13865
13844
13904
13921
13941
13991
13993
14011
14047
14075
14123
14096
14167
14192
14210
14228
14243
14301
14279
14262
14289
14369
14389
14424
14384
14427
14447
14468
14455
14485
14537
14509
14532
14527
14556
14570
14597
14612
14619
14618
14660
14686
14679
14703
14697
14703
14724
14740
14771
14766
14772
14798
14802
14812
14823
14830
14838
0
0
0
0
0
0
0
0
0
0
0
0
0
0
0
0
0
0
0
0
0
0
0
0
0
0
0
0
0
0
0
0
0
0
0
0
0
0
0
0
0
0
0
0
0
0
0
0
0
0
0
0
0
0
0
0
0
0
0
0
0
0
0
0
0
0
0
0
0
0
0
0
0
0
0
0
0
0
0
0
0
0
0
0
0
0
0
0
0
0
0
0
0
0
0
0
0
0
0
0
0
0
0
0
0
0
0
0
0
0
0
0
0
0
0
0
0
