V1
1949
3120
4024
4725
5400
5881
6437
6854
7282
7712
8012
8170
8424
8739
8896
9316
9382
9571
9747
9858
10070
10209
10389
10526
10649
10801
10859
11010
11227
11318
11308
11441
11426
11665
11795
11798
12020
12033
12076
12129
12250
12267
12339
12445
12503
12622
12605
12647
12712
12773
12822
12902
13005
13037
13014
13068
13094
13191
13255
13264
13283
13288
13377
13391
13405
13510
13564
13484
13593
13622
13648
13696
13739
13765
13806
13829
13851
13901
13903
13962
13934
13966
14027
14032
14041
14105
14114
14071
14119
14148
14199
14225
14203
14271
14276
14294
14327
14346
14376
14340
14366
14414
14440
14412
14462
14471
14491
14515
14551
14561
14585
14589
14613
14610
14609
14649
14658
14693
14680
14711
14714
14734
14733
14743
14749
14763
14781
14784
14801
14812
14816
14831
14839
0
0
0
0
0
0
0
0
0
0
0
0
0
0
0
0
0
0
0
0
0
0
0
0
0
0
0
0
0
0
0
0
0
0
0
0
0
0
0
0
0
0
0
0
0
0
0
0
0
0
0
0
0
0
0
0
0
0
0
0
0
0
0
0
0
0
0
0
0
0
0
0
0
0
0
0
0
0
0
0
0
0
0
0
0
0
0
0
0
0
0
0
0
0
0
0
0
0
0
0
0
0
0
0
0
0
0
0
0
