V1
15
30
29
37
48
58
65
72
80
83
86
101
97
102
118
121
139
140
138
134
152
148
155
176
176
179
172
191
183
177
193
198
187
234
223
230
233
243
246
240
266
261
246
256
254
282
266
278
286
277
303
306
281
319
296
305
293
318
313
323
332
332
337
320
348
357
369
356
350
362
369
368
345
370
379
379
392
377
382
366
401
386
392
406
412
413
420
414
440
433
437
444
440
441
445
442
455
457
447
454
459
470
449
484
459
474
473
483
474
489
488
503
500
493
493
493
501
514
508
510
507
509
515
513
522
527
519
531
529
537
537
537
538
0
0
0
0
0
0
0
0
0
0
0
0
0
0
0
0
0
0
0
0
0
0
0
0
0
0
0
0
0
0
0
0
0
0
0
0
0
0
0
0
0
0
0
0
0
0
0
0
0
0
0
0
0
0
0
0
0
0
0
0
0
0
0
0
0
0
0
0
0
0
0
0
0
0
0
0
0
0
0
0
0
0
0
0
0
0
0
0
0
0
0
0
0
0
0
0
0
0
0
0
0
0
0
0
0
0
0
0
0
