V1
2562
4231
5708
6961
8521
9728
10950
12084
13237
14415
15504
16628
17654
19053
19787
20525
21821
22911
23508
24459
25663
26181
27190
28480
29162
30012
30676
31615
32704
33552
34207
34735
35525
36755
37726
38815
39200
39897
40860
41558
42422
43268
44092
44815
45888
46471
47453
47847
48810
49430
50035
50940
51313
52438
52950
53696
54274
54904
55839
56659
57097
57756
58429
59458
59970
60638
61100
61706
62664
63285
64007
64636
65199
65811
66502
67101
68054
68425
68812
69483
70397
71084
71633
72206
72727
73575
74430
74536
75182
75992
76381
76816
77679
78298
79003
79403
79999
80604
81051
81880
82573
82987
83590
84146
84725
85153
85804
86245
87057
87395
88081
88582
89275
89792
90409
90982
91283
92011
92487
92918
93501
94090
94538
95012
95589
96064
96533
97040
97504
97922
98350
98745
99071
0
0
0
0
0
0
0
0
0
0
0
0
0
0
0
0
0
0
0
0
0
0
0
0
0
0
0
0
0
0
0
0
0
0
0
0
0
0
0
0
0
0
0
0
0
0
0
0
0
0
0
0
0
0
0
0
0
0
0
0
0
0
0
0
0
0
0
0
0
0
0
0
0
0
0
0
0
0
0
0
0
0
0
0
0
0
0
0
0
0
0
0
0
0
0
0
0
0
0
0
0
0
0
0
0
0
0
0
0
0
0
0
0
0
0
0
0
