V1
2602
4298
5737
7059
8543
9891
10822
12290
13203
14426
15743
16670
17598
18793
19748
20828
21882
22584
23729
24339
25556
26497
27132
28424
29257
29924
30764
31372
32404
33055
34201
34764
35466
36722
37755
38532
39413
40085
40955
41405
42624
43409
44014
44843
45707
46355
47040
47779
48560
49251
50359
50701
51318
52259
52951
53330
54087
55216
55772
56484
57195
57977
58362
59200
59918
60263
61255
61652
62850
63003
63948
64684
65159
65756
66412
66979
67746
68434
68878
69826
70193
70913
71659
72130
72654
73446
73901
74635
75196
75908
76535
77034
77616
78218
78746
79450
79994
80664
81369
81768
82309
82951
83397
84013
84709
85204
85929
86311
86961
87442
88115
88606
89183
89625
90210
90612
91336
92005
92597
92869
93551
94014
94602
95135
95536
96032
96450
97018
97479
97950
98375
98714
99079
0
0
0
0
0
0
0
0
0
0
0
0
0
0
0
0
0
0
0
0
0
0
0
0
0
0
0
0
0
0
0
0
0
0
0
0
0
0
0
0
0
0
0
0
0
0
0
0
0
0
0
0
0
0
0
0
0
0
0
0
0
0
0
0
0
0
0
0
0
0
0
0
0
0
0
0
0
0
0
0
0
0
0
0
0
0
0
0
0
0
0
0
0
0
0
0
0
0
0
0
0
0
0
0
0
0
0
0
0
