V1
16
24
36
54
50
52
69
63
72
89
94
92
111
93
129
120
142
124
128
141
136
157
167
167
172
166
176
176
198
182
181
197
199
200
209
225
233
235
256
268
250
271
270
276
262
258
277
284
284
284
292
284
308
295
298
318
303
317
312
306
330
338
335
334
344
344
354
342
367
365
357
358
379
360
380
383
389
378
387
401
392
394
389
412
413
424
412
418
426
432
429
423
440
437
440
436
451
451
457
442
457
442
460
467
461
466
479
473
462
495
492
488
491
497
493
509
502
511
513
512
508
526
520
524
514
524
530
523
529
533
538
539
539
0
0
0
0
0
0
0
0
0
0
0
0
0
0
0
0
0
0
0
0
0
0
0
0
0
0
0
0
0
0
0
0
0
0
0
0
0
0
0
0
0
0
0
0
0
0
0
0
0
0
0
0
0
0
0
0
0
0
0
0
0
0
0
0
0
0
0
0
0
0
0
0
0
0
0
0
0
0
0
0
0
0
0
0
0
0
0
0
0
0
0
0
0
0
0
0
0
0
0
0
0
0
0
0
0
0
0
0
0
0
0
0
0
0
0
0
0
