V1
15
22
30
35
44
46
63
73
82
78
95
77
105
100
127
115
118
132
130
150
151
153
164
188
157
180
186
171
182
198
191
194
207
217
226
229
224
242
256
225
233
232
252
264
265
275
281
287
297
290
307
294
309
305
290
299
310
322
327
312
332
332
315
343
350
345
365
354
352
365
358
370
359
359
384
380
390
395
379
376
395
397
402
426
416
426
420
402
409
427
442
433
427
445
442
444
443
448
450
438
458
455
471
465
463
460
467
486
492
491
488
490
485
492
503
496
498
510
503
511
503
507
510
524
521
529
526
527
530
535
535
539
539
0
0
0
0
0
0
0
0
0
0
0
0
0
0
0
0
0
0
0
0
0
0
0
0
0
0
0
0
0
0
0
0
0
0
0
0
0
0
0
0
0
0
0
0
0
0
0
0
0
0
0
0
0
0
0
0
0
0
0
0
0
0
0
0
0
0
0
0
0
0
0
0
0
0
0
0
0
0
0
0
0
0
0
0
0
0
0
0
0
0
0
0
0
0
0
0
0
0
0
0
0
0
0
0
0
0
0
0
0
0
0
0
0
0
0
0
0
