V1
2212
3848
5432
6679
8219
9448
10689
11896
12905
14143
15372
16207
17258
18461
19535
20468
21478
22162
23243
23861
25075
26178
27083
28091
28665
29579
30274
31150
32152
33054
33896
34538
35236
36574
37451
38208
39151
39983
40497
41426
42383
42834
43753
44502
45089
45998
46916
47276
48232
49097
49838
50631
51297
51941
52395
53088
53964
54841
55457
56089
56577
57419
58411
58538
59595
60319
60816
61481
62281
62719
63582
64112
64816
65490
66229
66396
67595
68305
68716
69505
69752
70532
71214
71842
72570
73113
73723
74219
74796
75414
75932
76625
77340
77910
78442
79037
79927
80317
80948
81511
82117
82837
83173
83915
84204
84843
85286
86287
86500
87189
87788
88371
88819
89566
89909
90752
90991
91664
91951
92665
93153
93801
94177
94603
95187
95688
96196
96597
97075
97622
98038
98424
98743
0
0
0
0
0
0
0
0
0
0
0
0
0
0
0
0
0
0
0
0
0
0
0
0
0
0
0
0
0
0
0
0
0
0
0
0
0
0
0
0
0
0
0
0
0
0
0
0
0
0
0
0
0
0
0
0
0
0
0
0
0
0
0
0
0
0
0
0
0
0
0
0
0
0
0
0
0
0
0
0
0
0
0
0
0
0
0
0
0
0
0
0
0
0
0
0
0
0
0
0
0
0
0
0
0
0
0
0
0
0
0
0
0
0
0
0
0
