V1
15
23
21
38
47
53
54
70
71
76
89
101
89
118
111
106
119
126
130
135
131
160
145
153
164
167
180
169
170
180
186
204
188
190
200
202
202
228
230
237
234
232
229
236
268
250
261
270
259
267
261
284
272
297
284
280
282
293
300
324
317
310
329
328
318
345
334
305
323
341
350
339
340
352
353
339
377
361
363
366
375
368
368
390
374
379
402
401
401
400
391
412
397
404
417
423
411
421
423
429
430
437
419
437
456
436
448
442
439
440
454
459
455
456
473
463
472
474
484
477
486
475
480
479
492
490
492
492
496
496
500
499
501
0
0
0
0
0
0
0
0
0
0
0
0
0
0
0
0
0
0
0
0
0
0
0
0
0
0
0
0
0
0
0
0
0
0
0
0
0
0
0
0
0
0
0
0
0
0
0
0
0
0
0
0
0
0
0
0
0
0
0
0
0
0
0
0
0
0
0
0
0
0
0
0
0
0
0
0
0
0
0
0
0
0
0
0
0
0
0
0
0
0
0
0
0
0
0
0
0
0
0
0
0
0
0
0
0
0
0
0
0
0
0
0
0
0
0
0
0
