V1
2161
3322
4118
4819
5464
6053
6539
6994
7407
7654
7955
8263
8535
8857
9013
9239
9403
9581
9814
9945
10154
10288
10462
10542
10679
10951
10903
11033
11142
11248
11415
11483
11540
11648
11829
11898
11997
12010
12133
12224
12213
12275
12386
12454
12580
12584
12668
12722
12785
12781
12893
12877
12968
13028
13048
13055
13147
13196
13212
13308
13328
13268
13396
13381
13429
13537
13554
13527
13627
13628
13615
13677
13736
13806
13809
13829
13880
13888
13902
13949
14016
13999
13980
14004
14025
14111
14141
14173
14157
14211
14210
14255
14273
14240
14261
14300
14357
14348
14382
14399
14392
14414
14432
14426
14470
14507
14540
14542
14514
14540
14577
14594
14594
14601
14642
14666
14644
14689
14686
14693
14733
14721
14734
14771
14760
14772
14795
14802
14811
14820
14837
14837
14848
0
0
0
0
0
0
0
0
0
0
0
0
0
0
0
0
0
0
0
0
0
0
0
0
0
0
0
0
0
0
0
0
0
0
0
0
0
0
0
0
0
0
0
0
0
0
0
0
0
0
0
0
0
0
0
0
0
0
0
0
0
0
0
0
0
0
0
0
0
0
0
0
0
0
0
0
0
0
0
0
0
0
0
0
0
0
0
0
0
0
0
0
0
0
0
0
0
0
0
0
0
0
0
0
0
0
0
0
0
