V1
1945
3117
4083
4734
5357
5911
6403
6924
7202
7561
7991
8189
8435
8777
9014
9235
9399
9644
9665
9921
10073
10175
10411
10590
10642
10808
10896
10988
11147
11277
11383
11433
11506
11693
11734
11864
11935
11964
12109
12192
12290
12292
12407
12398
12414
12538
12634
12639
12773
12772
12897
12939
12907
12968
13007
13144
13160
13135
13229
13286
13290
13347
13338
13392
13417
13508
13466
13512
13532
13611
13681
13715
13763
13755
13787
13792
13866
13890
13934
13944
13913
13988
14006
14058
14033
14067
14098
14158
14172
14172
14185
14225
14221
14273
14280
14325
14329
14334
14359
14381
14414
14387
14422
14496
14464
14510
14525
14544
14537
14552
14559
14572
14619
14610
14622
14636
14669
14647
14700
14684
14710
14731
14729
14746
14749
14774
14782
14791
14811
14814
14824
14830
14839
0
0
0
0
0
0
0
0
0
0
0
0
0
0
0
0
0
0
0
0
0
0
0
0
0
0
0
0
0
0
0
0
0
0
0
0
0
0
0
0
0
0
0
0
0
0
0
0
0
0
0
0
0
0
0
0
0
0
0
0
0
0
0
0
0
0
0
0
0
0
0
0
0
0
0
0
0
0
0
0
0
0
0
0
0
0
0
0
0
0
0
0
0
0
0
0
0
0
0
0
0
0
0
0
0
0
0
0
0
0
0
0
0
0
0
0
0
