V1
173
205
221
235
251
274
290
296
298
324
329
330
331
336
373
377
372
396
370
379
401
420
415
443
422
429
433
451
467
470
455
472
455
486
480
500
499
490
524
503
525
526
532
526
530
518
553
574
565
558
561
559
576
575
591
579
584
577
604
601
591
608
618
609
627
630
630
644
631
630
646
637
656
662
653
659
674
662
680
673
670
688
692
678
682
694
687
718
720
699
706
728
728
722
720
723
726
738
736
752
745
743
747
752
757
760
766
764
759
764
783
768
771
786
789
778
792
790
794
802
797
805
798
801
806
812
812
814
821
823
823
821
824
0
0
0
0
0
0
0
0
0
0
0
0
0
0
0
0
0
0
0
0
0
0
0
0
0
0
0
0
0
0
0
0
0
0
0
0
0
0
0
0
0
0
0
0
0
0
0
0
0
0
0
0
0
0
0
0
0
0
0
0
0
0
0
0
0
0
0
0
0
0
0
0
0
0
0
0
0
0
0
0
0
0
0
0
0
0
0
0
0
0
0
0
0
0
0
0
0
0
0
0
0
0
0
0
0
0
0
0
0
