V1
2141
3297
4177
4786
5463
6047
6476
7006
7316
7712
7911
8207
8476
8751
9051
9241
9410
9570
9798
9900
10202
10290
10344
10560
10753
10785
10967
11051
11187
11244
11368
11477
11557
11660
11843
11882
11994
12091
12018
12257
12221
12307
12413
12459
12544
12563
12714
12642
12734
12787
12871
12871
12915
12973
13058
13079
13100
13157
13248
13283
13294
13370
13452
13485
13517
13511
13543
13620
13615
13606
13723
13727
13730
13801
13825
13841
13848
13925
13928
13922
13946
14016
14008
14096
14066
14094
14111
14155
14150
14209
14229
14200
14229
14250
14316
14298
14332
14372
14393
14375
14399
14417
14427
14462
14449
14473
14502
14528
14534
14584
14593
14587
14575
14641
14644
14652
14651
14685
14699
14709
14713
14724
14742
14747
14769
14788
14798
14800
14820
14827
14826
14833
14843
0
0
0
0
0
0
0
0
0
0
0
0
0
0
0
0
0
0
0
0
0
0
0
0
0
0
0
0
0
0
0
0
0
0
0
0
0
0
0
0
0
0
0
0
0
0
0
0
0
0
0
0
0
0
0
0
0
0
0
0
0
0
0
0
0
0
0
0
0
0
0
0
0
0
0
0
0
0
0
0
0
0
0
0
0
0
0
0
0
0
0
0
0
0
0
0
0
0
0
0
0
0
0
0
0
0
0
0
0
0
0
0
0
0
0
0
0
