V1
162
184
197
211
238
255
270
273
281
288
300
312
325
321
330
350
342
339
341
360
360
394
379
395
386
396
391
401
410
425
403
415
436
439
444
456
464
466
457
468
468
487
486
483
478
486
496
506
517
532
509
500
516
503
531
530
525
540
536
552
544
545
549
558
566
544
566
575
566
576
592
574
601
585
584
595
598
603
603
592
616
610
614
616
617
620
618
640
623
619
655
642
626
635
633
653
642
667
657
662
657
657
673
650
669
685
680
668
679
681
687
691
694
692
698
703
711
712
705
710
712
718
718
715
718
724
723
725
731
733
728
733
734
0
0
0
0
0
0
0
0
0
0
0
0
0
0
0
0
0
0
0
0
0
0
0
0
0
0
0
0
0
0
0
0
0
0
0
0
0
0
0
0
0
0
0
0
0
0
0
0
0
0
0
0
0
0
0
0
0
0
0
0
0
0
0
0
0
0
0
0
0
0
0
0
0
0
0
0
0
0
0
0
0
0
0
0
0
0
0
0
0
0
0
0
0
0
0
0
0
0
0
0
0
0
0
0
0
0
0
0
0
0
0
0
0
0
0
0
0
