V1
2307
3965
5390
6753
8134
9433
10614
11913
13101
14270
15132
16274
17188
18480
19722
20443
21409
22491
23104
24188
25277
26136
27014
28003
28734
29695
30503
30883
31986
32955
33960
34140
34966
36747
37384
38299
39143
39832
40527
41590
42440
42669
43886
44636
45273
46134
47024
47412
48041
48997
49823
50906
51263
52296
52515
53300
53986
54816
55609
56080
56794
57278
58092
58779
59147
60473
60803
61308
62412
62650
63393
64127
64722
65469
66021
66965
67575
67879
68718
69543
69983
70606
71367
71744
72236
72964
73551
74323
75018
75369
76140
76930
77182
77911
78457
79092
79504
80159
80918
81593
81737
82731
83160
83785
84450
85157
85464
86323
86576
87368
87806
88325
89012
89525
89891
90531
91088
91646
92063
92611
93241
93680
94152
94807
95216
95596
96223
96681
97037
97511
98003
98394
98732
0
0
0
0
0
0
0
0
0
0
0
0
0
0
0
0
0
0
0
0
0
0
0
0
0
0
0
0
0
0
0
0
0
0
0
0
0
0
0
0
0
0
0
0
0
0
0
0
0
0
0
0
0
0
0
0
0
0
0
0
0
0
0
0
0
0
0
0
0
0
0
0
0
0
0
0
0
0
0
0
0
0
0
0
0
0
0
0
0
0
0
0
0
0
0
0
0
0
0
0
0
0
0
0
0
0
0
0
0
