V1
1947
3079
4003
4600
5407
5993
6413
6902
7161
7555
7926
8247
8378
8687
8914
9253
9340
9637
9792
9859
10126
10233
10329
10527
10707
10732
10900
11018
11117
11274
11394
11434
11470
11690
11850
11861
11919
12050
12053
12113
12230
12325
12365
12454
12494
12562
12627
12690
12766
12791
12758
12911
12962
12979
13044
13099
13091
13179
13210
13265
13265
13327
13340
13389
13467
13497
13518
13538
13583
13633
13632
13692
13737
13726
13758
13776
13832
13862
13908
13916
14001
13983
13987
13979
14038
14053
14072
14111
14104
14196
14206
14220
14252
14233
14293
14278
14319
14395
14364
14373
14422
14394
14457
14432
14460
14501
14530
14518
14544
14559
14582
14588
14575
14624
14615
14642
14656
14666
14680
14709
14710
14724
14736
14765
14764
14748
14791
14805
14793
14821
14823
14828
14838
0
0
0
0
0
0
0
0
0
0
0
0
0
0
0
0
0
0
0
0
0
0
0
0
0
0
0
0
0
0
0
0
0
0
0
0
0
0
0
0
0
0
0
0
0
0
0
0
0
0
0
0
0
0
0
0
0
0
0
0
0
0
0
0
0
0
0
0
0
0
0
0
0
0
0
0
0
0
0
0
0
0
0
0
0
0
0
0
0
0
0
0
0
0
0
0
0
0
0
0
0
0
0
0
0
0
0
0
0
