V1
165
204
229
237
246
261
296
307
302
323
350
347
337
357
370
370
391
386
388
407
407
402
424
428
427
436
447
447
481
462
452
484
466
491
508
489
498
495
499
508
531
498
542
523
529
542
547
558
538
546
566
555
588
580
575
582
586
579
602
610
610
599
634
619
624
634
631
634
628
637
634
657
647
656
657
661
653
676
685
693
705
675
686
678
695
687
709
707
701
701
697
718
721
715
730
720
719
745
740
750
747
758
760
752
756
768
758
765
773
762
776
771
782
783
783
776
798
800
802
790
799
800
797
810
809
798
814
814
815
822
819
822
824
0
0
0
0
0
0
0
0
0
0
0
0
0
0
0
0
0
0
0
0
0
0
0
0
0
0
0
0
0
0
0
0
0
0
0
0
0
0
0
0
0
0
0
0
0
0
0
0
0
0
0
0
0
0
0
0
0
0
0
0
0
0
0
0
0
0
0
0
0
0
0
0
0
0
0
0
0
0
0
0
0
0
0
0
0
0
0
0
0
0
0
0
0
0
0
0
0
0
0
0
0
0
0
0
0
0
0
0
0
0
0
0
0
0
0
0
0
