V1
2192
3888
5321
6825
8220
9458
10548
11921
13018
14116
15301
16534
17433
18491
19596
20475
21271
22594
23210
24056
25214
25879
26607
27807
28881
29734
30385
31127
32363
32877
33710
34462
35139
36607
37341
38268
39181
39904
40951
41490
42308
42854
43752
44443
45212
46101
46638
47233
48404
49205
49586
50298
50927
51698
52765
53215
54038
54797
55375
55911
56758
57377
58105
58923
59595
60271
60893
61495
61914
62904
63678
64081
65086
65451
66300
66770
67548
67936
68603
69383
69922
70550
71535
71705
72465
73241
73656
74218
74756
75610
76257
76514
77338
77934
78456
79270
79717
80164
80971
81313
81853
82732
83159
83677
84496
85004
85296
86094
86697
87231
87793
88353
88962
89381
90071
90585
91019
91658
92010
92718
93151
93696
94191
94883
95204
95708
96253
96647
97115
97555
98014
98398
98738
0
0
0
0
0
0
0
0
0
0
0
0
0
0
0
0
0
0
0
0
0
0
0
0
0
0
0
0
0
0
0
0
0
0
0
0
0
0
0
0
0
0
0
0
0
0
0
0
0
0
0
0
0
0
0
0
0
0
0
0
0
0
0
0
0
0
0
0
0
0
0
0
0
0
0
0
0
0
0
0
0
0
0
0
0
0
0
0
0
0
0
0
0
0
0
0
0
0
0
0
0
0
0
0
0
0
0
0
0
0
0
0
0
0
0
0
0
